UCAC4 RA DEC MAG_R Vmag pmRA pmDE
324-001040 12.9785868 -25.2685814 12.773 12.897 -8.7 -9.4
323-000919 12.9130698 -25.4647645 11.504 11.977 -1.1 -8.2
321-000856 12.3037515 -25.8900806 12.711 12.861 9.2 -2.2
325-000965 12.61437 -25.0345789 11.779 11.877 7.2 -4.9
326-000890 12.3526562 -24.9517456 11.09 11.441 -2.0 2.5
320-000915 12.978073 -26.0505556 12.431 12.571 6.7 -7.2
322-000941 12.9921289 -25.6196845 12.852 12.988 5.9 4.4
323-000923 12.9427498 -25.4999981 12.134 12.29 13.4 -1.8
325-000919 12.084308 -25.1661339 12.815 12.996 7.4 1.2
325-000960 12.5411121 -25.1375531 10.902 11.219 0.0 -3.7
322-000929 12.788033 -25.7041414 11.875 12.061 13.9 -6.6
326-000970 13.7670536 -24.8373375 11.936 12.091 1.2 4.9
324-001009 12.5934953 -25.3699892 12.56 12.879 10.2 4.1
322-000921 12.6489662 -25.7329273 11.822 12.002 8.3 -7.2
325-001029 13.5183295 -25.13825 12.159 12.295 9.4 1.2
327-000868 12.3650286 -24.6504909 12.505 12.789 3.8 -3.9
325-001031 13.55418 -25.0760481 12.694 12.904 1.5 -8.8
324-000996 12.3655198 -25.2784284 12.42 12.808 6.1 -7.6
324-001027 12.8067171 -25.3965856 12.156 12.437 -5.8 -14.8
321-000921 13.2625968 -25.8174189 12.865 12.997 -11.7 -11.4
324-001064 13.2802012 -25.2633442 12.139 12.255 -6.6 -9.8
328-001041 13.5952033 -24.4261734 11.162 11.485 -0.1 -6.9
325-000976 12.9139515 -25.0156206 12.261 12.43 12.7 -3.3
320-000959 13.5043171 -26.0093723 11.458 11.771 1.5 -2.5
325-000999 13.1832359 -25.1889175 11.939 12.284 6.9 1.2
323-000889 12.4709056 -25.5471203 12.714 12.842 13.6 -12.6
322-000896 12.2722939 -25.6908748 11.862 11.967 -3.8 -14.6
323-000911 12.8202733 -25.4080828 12.229 12.566 10.4 -4.0
327-000920 13.1086412 -24.700965 11.924 12.261 8.1 -7.7
