RA DEC MAG_R MAG_G MAG_Z FLUX_R FLUX_G FLUX_Z FIBERFLUX_G FIBERFLUX_R FIBERFLUX_Z MW_TRANSMISSION_G MW_TRANSMISSION_R MW_TRANSMISSION_Z FLUX_IVAR_G FLUX_IVAR_R FLUX_IVAR_Z GAIA_PHOT_G_MEAN_MAG GAIA_PHOT_G_MEAN_MAG_1 MASKBITS FRACMASKED_G FRACMASKED_R FRACMASKED_Z FRACFLUX_G FRACFLUX_R FRACFLUX_Z FRACIN_G FRACIN_R FRACIN_Z NOBS_G NOBS_R NOBS_Z PROB LOCAL SEP 0
196.8901191913259 -23.49576058025567 19.8921 20.576708 19.38495 11.044857 5.8791776 17.620546 0.8050577 1.5124135 2.412847 0.68543935 0.775365 0.86735106 71.841934 31.360695 4.7456164 0.0 0.0 0.0 0.04960798 0.052682783 0.048528384 0.008104509 0.01613262 0.020134848 0.9366485 0.93597436 0.93706304 3.0 2.0 2.0 0.4594758931706846 True 0.5128456404137064 
196.6124377825179 -23.46261094412872 19.89363 20.831333 19.133667 11.02931 4.650148 22.209234 2.0252202 4.8034563 9.672507 0.6653322 0.7599693 0.8576752 1851.1904 865.59155 278.708 0.0 0.0 0.0 0.010752521 0.0014464043 0.15841304 9.743481e-05 7.472539e-05 9.402961e-05 0.9015473 0.9992704 0.9998886 17.0 20.0 43.0 0.3766591482073548 True 0.6022411247193314 
196.6887485631308 -23.2096119163052 19.900904 20.802649 19.345644 10.955663 4.774641 18.270176 1.1171815 2.563431 4.274898 0.6684555 0.7623705 0.85919005 1121.866 510.37943 184.07156 0.0 0.0 0.0 0.0018726429 0.002288477 0.002776214 0.0065195668 0.005256418 0.0046452703 0.99918455 0.99899065 0.99863636 19.0 20.0 43.0 0.5032097411272761 True 0.8200024416156552 
196.6981096508812 -23.42059234585033 19.9041 20.773905 19.321539 10.92345 4.902733 18.680332 1.5491154 3.4514802 5.9024205 0.6686144 0.7624927 0.859267 1432.5148 632.3938 243.79645 0.0 0.0 0.0 0.0033277967 0.026995482 0.014465593 9.956878e-06 1.0885621e-05 1.2548346e-05 0.99891144 0.9987257 0.9981433 19.0 20.0 44.0 0.4185095761367037 True 0.613752011789537 
196.6549278886678 -23.29822520669032 19.904306 21.46737 18.996836 10.921371 2.5885272 25.192165 1.3507328 5.698937 13.145654 0.66104174 0.7566646 0.85558707 2371.6401 1008.403 413.29135 0.0 0.0 0.0 0.037004612 9.1098805e-08 0.00035930035 0.033662274 0.031212807 0.026573239 0.94736844 1.0 1.0 18.0 20.0 43.0 0.4422592976368682 True 0.7422959541659548 
196.2508995925114 -23.12056499945952 19.906837 20.613115 19.387978 10.895957 5.685305 17.571505 2.2736127 4.3574066 7.0270276 0.6936824 0.78163385 0.8712666 1710.2871 825.7354 266.58157 0.0 0.0 0.0 0.0017333485 0.029738497 0.018208709 0.0012237335 0.0022509561 0.0053175963 0.9999971 0.9999965 0.99999404 21.0 24.0 43.0 0.3103001271572659 True 1.0630765848759036 
196.6327529996009 -23.52210641209714 19.907892 21.142155 19.113346 10.885371 3.4925125 22.628819 1.5934489 4.9664197 10.324334 0.6689683 0.7627645 0.8594383 2097.7078 904.82806 350.9381 0.0 0.0 0.0 0.0017093299 0.0018163599 0.0026353416 0.028059112 0.026365971 0.022046799 1.0000001 1.0 0.99999624 19.0 20.0 43.0 0.3476254917318717 True 0.5405347151857938 
196.6779529856663 -23.3761957188051 19.913136 21.56568 19.010508 10.832921 2.3644378 24.876925 1.299102 5.951972 13.668221 0.6635349 0.75858575 0.8568015 2452.8298 1000.9584 407.5401 0.0 0.0 0.0 0.0040867855 0.0010951413 0.018402454 0.0067938776 0.0048304545 0.0032561675 1.0 0.9999999 0.9999999 19.0 20.0 44.0 0.4463555129914275 True 0.6615813741071909 
196.9720424400627 -23.58017733471976 19.918373 20.542494 19.482912 10.780797 6.067398 16.100346 1.5036235 2.6716986 3.9899902 0.6936748 0.78162813 0.871263 907.9753 434.74594 182.91191 0.0 0.0 0.0 0.03425228 0.0014273175 0.011653366 1.567603 2.1430256 1.8372319 0.9298569 0.9003506 0.9999999 18.0 18.0 42.0 0.4611280117376454 True 0.4348338870514686 
197.0768592241286 -23.58420785360342 19.920334 21.399723 19.072083 10.761342 2.7549334 23.505383 1.4501076 5.6644216 12.372471 0.6991661 0.7857908 0.8738554 2266.336 978.7672 340.8035 0.0 0.0 0.0 9.8987395e-05 0.0045769205 0.057392664 0.0035989447 0.0015066687 0.002818166 0.99977416 0.99994653 1.0 18.0 20.0 42.0 0.4956277246015705 True 0.4572205557751759 
197.0719839630545 -23.59066605410056 19.921303 21.475904 18.973953 10.751749 2.5682535 25.72876 0.786249 3.2915564 7.8766403 0.697758 0.7847244 0.8731919 1120.2545 502.05722 177.83472 0.0 0.0 0.0 0.026331378 0.0334508 0.035683617 0.005200969 0.0018530712 0.002246375 0.99999994 1.0000001 1.0 18.0 20.0 42.0 0.4795907417569697 True 0.4495723916385882 
196.6701881703715 -23.18877876631389 19.93394 21.50667 19.050083 10.627323 2.4965034 23.986511 0.9593654 4.0839067 9.217624 0.6721418 0.7652001 0.8609723 1445.0085 611.2794 237.03094 0.0 0.0 0.0 0.008540785 0.010254114 0.01954152 0.1438714 0.050029397 0.020996215 0.999993 0.9999916 0.97297484 19.0 20.0 44.0 0.5032097411272761 True 0.8441980303504918 
196.6831206457991 -23.17475682529065 19.935762 21.537868 19.02808 10.609506 2.4257855 24.477535 1.275606 5.579038 12.87158 0.67254186 0.7655068 0.8611653 1498.353 648.857 162.51277 0.0 0.0 0.0 0.000872978 0.012650898 0.029443033 0.029147135 0.01853974 0.022932213 0.5482108 0.51438326 0.3412121 11.0 11.0 19.0 0.5032097411272761 True 0.8551254846141023 
196.4441714939803 -23.05113270366504 19.937239 20.457624 19.511496 10.595079 6.560703 15.682014 2.8807442 4.6522017 6.885828 0.67388654 0.76653755 0.86181366 2205.341 1138.1307 372.47037 0.0 0.0 0.0 0.0018669241 0.0080894595 0.0033222302 0.007598091 0.008570849 0.0065127257 0.9999877 1.0 1.0 21.0 24.0 44.0 0.4409048132263417 True 1.040716198592876 
196.7196596158248 -23.53083286434601 19.938183 21.55171 18.999256 10.585884 2.3950596 25.136084 1.2497349 5.523682 13.115932 0.68015623 0.7713343 0.8648261 2540.314 1025.9734 403.35464 0.0 0.0 0.0 1.8024775e-05 9.105606e-05 6.216141e-05 0.0295992 0.024286596 0.017928688 1.0000001 0.9999996 1.0 19.0 20.0 43.0 0.3890046574002586 True 0.5026547832060992 
196.312736869068 -23.04612154440925 19.939676 21.52282 18.970736 10.571334 2.4596455 25.805101 1.1327492 4.868454 11.884114 0.6978957 0.78482866 0.8732568 2499.9185 1101.5377 351.09103 0.0 0.0 0.0 0.020895312 3.2455788e-05 1.2647258e-05 0.22517984 0.23304385 0.27317998 0.99999994 1.0 0.9999999 21.0 24.0 44.0 0.3499145398633333 True 1.097752481574652 
196.2498662284686 -23.01144866879473 19.941746 20.41654 19.515823 10.5512 6.813711 15.619628 3.8096106 5.8992763 8.733083 0.7097893 0.79381347 0.87883466 2441.1685 1368.0739 462.99033 0.0 0.0 0.0 0.033226848 0.009309595 0.003409786 0.011329789 0.01865917 0.01705036 0.9990732 0.9997094 0.9997368 21.0 24.0 44.0 0.3406019409417028 True 1.1562620507781067 
196.4819945918266 -23.41834036926874 19.942108 20.860497 19.30497 10.547676 4.526905 18.967588 1.2646308 2.9465864 5.298763 0.65709054 0.75361496 0.85365653 1297.6431 576.5288 219.68457 0.0 0.0 0.0 0.0003369061 0.00037052116 0.0006189339 0.025285952 0.026074087 0.022747558 0.9999996 0.9999995 1.0000001 19.0 20.0 44.0 0.3251092178981805 True 0.6983980419286595 
196.6991857332869 -23.53109737048073 19.946085 21.499893 19.05891 10.509109 2.5121322 23.792257 1.0839789 4.5346546 10.266301 0.6778253 0.7695526 0.86370814 1735.5376 717.7275 277.9715 0.0 0.0 0.0 0.0004258343 0.00048640772 0.0069053513 0.015254237 0.013166119 0.024071109 1.0 1.0 1.0 19.0 20.0 43.0 0.3890046574002586 True 0.5085284360585112 
196.5168904572867 -23.1441776647425 19.946163 20.428083 19.817528 10.508353 6.74166 11.830117 2.8719325 4.4765353 5.0396037 0.6701702 0.7636873 0.86001974 1714.4854 818.3471 340.4035 0.0 0.0 0.0 0.0019890133 0.038320463 0.00424432 0.0021805482 0.0031938818 0.0039561144 0.9994315 0.9993369 0.97636276 18.0 20.0 43.0 0.4551389213619844 True 0.9294084741338596 
196.677013170023 -23.3742537825924 19.949081 21.131256 19.114992 10.480145 3.5277493 22.59452 1.3682548 4.0647755 8.763395 0.6633106 0.758413 0.8566924 1790.373 782.08295 305.3322 0.0 0.0 0.0 0.0027680362 0.012091174 0.0017554223 0.011198589 0.008486649 0.0077546136 0.9999999 0.9999999 0.9999999 19.0 20.0 44.0 0.4463555129914275 True 0.6636898490655234 
197.1227641132075 -23.58428602627453 19.949753 21.0283 19.23596 10.473661 3.8786502 20.212305 1.2504028 3.3765087 6.5160613 0.6930361 0.78114325 0.87096065 954.2833 607.1913 237.60207 0.0 0.0 0.0 0.00033713251 0.026154712 0.006581174 0.018120807 0.024025936 0.033345316 0.6105246 0.9328482 0.9917289 11.0 19.0 42.0 0.490687863050268 True 0.474351285447285 
196.6668126179973 -23.54443673319154 19.95069 20.446571 19.610464 10.464643 6.6278343 14.315752 1.1031843 1.7418104 2.3828168 0.6744024 0.7669327 0.8620622 760.8296 354.07086 122.46473 0.0 0.0 0.0 0.003937076 0.012236832 0.016308801 0.019723972 0.012480282 0.014007453 1.0000002 1.0 0.9999998 19.0 20.0 43.0 0.3544501007391908 True 0.5072062199360501 
197.0822115541459 -23.59120269400004 19.95586 21.98905 18.869057 10.414916 1.6009578 28.338524 0.57395905 3.7338495 10.159639 0.69744706 0.7844888 0.87304527 1400.1079 602.1951 214.8849 0.0 0.0 0.0 0.0072927116 0.0088224225 0.009611948 0.011805551 0.014322137 0.005442335 1.0 1.0000001 0.9999999 18.0 20.0 42.0 0.4795907417569697 True 0.4526032323868975 
196.5813700547692 -23.22223164023809 19.956684 20.58253 19.582594 10.407028 5.8477407 14.687994 0.1753237 0.3120177 0.44036722 0.6700414 0.7635885 0.8599575 74.90214 32.067467 11.168986 0.0 0.0 0.0 0.15449022 0.1707388 0.15946758 0.65560937 0.605145 0.5972227 0.841761 0.85123026 0.85123354 19.0 20.0 42.0 0.4302144459857389 True 0.8355826551729354 
196.7781836203878 -23.5666439178108 19.957981 20.307337 19.738308 10.39459 7.534686 12.725567 0.77396184 1.0677308 1.3071682 0.6850551 0.7750722 0.86716783 396.96255 182.4184 69.11256 0.0 0.0 0.0 0.008828515 0.009855816 0.014390914 0.086757556 0.05893194 0.02538086 0.8967869 0.90058625 0.9767441 17.0 18.0 42.0 0.3945894473060772 True 0.4537437030594786 
196.9713433427239 -23.43195825981829 19.960602 21.000183 19.220705 10.369541 3.9803982 20.498297 1.2902188 3.3612158 6.6443825 0.684047 0.7743037 0.8666868 1471.8604 671.7897 240.11761 0.0 0.0 0.0 0.0028271454 0.002077586 0.0022200383 0.007611606 0.01012241 0.01337605 0.99952394 0.9971497 0.8603014 19.0 20.0 37.0 0.5048973145808735 True 0.5813410682367744 
197.0081204836869 -23.41877067992765 19.960655 20.715858 19.33592 10.369027 5.171982 18.434505 1.4446222 2.896245 5.1490693 0.6847067 0.7748067 0.86700165 1142.8179 540.9042 206.58556 0.0 0.0 0.0 0.04149174 0.037122272 0.003869422 0.04209019 0.019846361 0.00015675239 0.9882258 0.99785936 1.0 19.0 20.0 43.0 0.5206023902105633 True 0.5995186018455116 
196.847230017391 -23.63128696288906 19.961672 20.91342 19.197796 10.359327 4.311536 20.935406 0.76638263 1.8413876 3.7213032 0.6821028 0.7728206 0.8657578 526.42206 375.83853 126.02626 0.0 0.0 0.0 0.28791124 0.10624901 0.092984244 8.563238e-05 7.801608e-05 0.00013253422 0.9471391 0.9997228 0.9995721 18.0 20.0 43.0 0.4035188782026712 True 0.3793970511769485 
196.460083478034 -23.04323562312016 19.97339 20.94607 19.285818 10.248113 4.183813 19.305128 0.81947577 2.007279 3.7812598 0.67359334 0.76631284 0.8616724 457.20264 211.76733 13.435882 0.0 0.0 0.0 0.012336167 0.012516946 0.010793594 0.09090916 0.040559266 0.009164106 0.454823 0.728386 0.5000034 6.0 8.0 4.0 0.4409048132263417 True 1.0424155038616547 
196.6678825515899 -23.38444588632776 19.978569 21.432833 19.010502 10.199356 2.6721857 24.87707 0.76210046 2.9088302 7.094876 0.6634515 0.75852156 0.8567609 983.75525 425.24878 160.75645 0.0 0.0 2048.0 0.020256378 0.022890184 0.03867138 0.8835017 0.6295106 0.3988004 0.9999997 0.99999964 0.99999964 19.0 20.0 44.0 0.4119405764568722 True 0.6564923254582354 
197.0174860703389 -23.59922668027162 19.980268 21.683287 18.813288 10.183395 2.1217084 29.83218 0.45605397 2.1888862 6.4123254 0.6955656 0.78306264 0.8721571 754.5752 325.0391 120.0529 0.0 0.0 2048.0 0.0041154176 0.035334233 0.00035446623 0.038808 0.0174659 0.0096737845 1.0 1.0 0.9999999 19.0 20.0 43.0 0.4795907417569697 True 0.4254617782861383 
196.6576918055112 -23.21695604121748 19.981134 20.560127 19.55814 10.175272 5.969657 15.022575 1.080875 1.8423501 2.72001 0.6689065 0.762717 0.8594084 826.4162 388.34076 135.9774 0.0 0.0 0.0 0.0038451096 0.0037913693 0.0076973606 0.009450039 0.012967892 0.0029666794 0.9997728 0.99972504 0.99966484 19.0 20.0 43.0 0.4716520356298694 True 0.8197506753103145 
196.7239129713338 -23.42825307733223 19.985712 21.560337 19.074423 10.132459 2.3761008 23.45475 1.1528572 4.916154 11.379979 0.67061216 0.7640265 0.8602334 1923.617 857.24414 347.9644 0.0 0.0 0.0 0.013818686 0.03423476 0.010032874 0.0013674251 0.0008086968 0.0004196406 0.96707296 0.9917306 0.99940294 18.0 20.0 43.0 0.4185095761367037 True 0.600004646764329 
196.8944455596047 -23.57099256562677 19.989222 20.926653 19.329578 10.099772 4.2593045 18.542517 1.3601823 3.225299 5.9214363 0.6846584 0.7747698 0.8669786 1117.2716 494.38376 236.64113 0.0 0.0 0.0 2.495068e-08 5.0005678e-08 9.0416695e-05 0.09198635 0.098408096 0.07836711 0.9999999 0.9411765 1.0 16.0 16.0 42.0 0.4605371786088352 True 0.4376272417695439 
196.9267831253901 -23.30284898203933 19.990238 21.625013 19.074512 10.090319 2.238695 23.452818 1.134223 5.112207 11.882247 0.6641402 0.7590519 0.85709596 2197.4387 941.88336 369.00424 0.0 0.0 0.0 0.0011734532 0.0028184229 0.008576887 0.012190871 0.010415086 0.009815298 1.0000001 1.0 0.9556096 18.0 20.0 42.0 0.528029614937102 True 0.7065288646002607 
196.7776368825361 -23.5010982293418 19.990788 20.758127 19.43533 10.085216 4.9744997 16.821623 1.328688 2.6937592 4.493052 0.68180114 0.7725904 0.8656136 152.99026 70.61722 12.813179 0.0 0.0 0.0 0.017502405 0.046617236 0.019583615 0.01133256 0.017007947 0.010894395 0.9865885 0.5471403 0.9800708 3.0 2.0 3.0 0.426928832291597 True 0.5178994729218456 
196.758661516927 -23.46220679671305 19.993093 21.501444 19.03004 10.063815 2.5085478 24.433376 1.0552709 4.233546 10.27839 0.6752523 0.76758367 0.86247134 1879.4327 799.0868 294.52103 0.0 0.0 0.0 0.0026635022 0.0031913982 0.004094682 0.00016904074 9.024223e-05 0.00011284861 0.99899405 0.9988194 0.9751163 18.0 20.0 42.0 0.4229111815001033 True 0.5595416609317401 
196.6179011357559 -23.44514323965992 19.997896 20.588282 19.584715 10.019396 5.81684 14.659328 1.0286586 1.7718449 2.5923772 0.6648929 0.7596313 0.8574618 151.0907 91.63419 14.778103 0.0 0.0 0.0 0.12355138 0.01216143 0.2002216 0.06873812 0.043748304 0.17331801 0.9978667 0.79979557 0.47862408 4.0 4.0 8.0 0.3766591482073548 True 0.6160863250562247 
196.5455372794503 -23.16125991657613 19.998007 21.678926 19.133875 10.018372 2.130243 22.20495 0.8829515 4.152454 9.203595 0.6731303 0.7659579 0.8614491 243.12146 98.377106 28.727001 0.0 0.0 0.0 0.027945168 0.02915098 0.025527745 0.0 0.0 0.0 0.65868694 0.985473 0.9655618 2.0 2.0 4.0 0.4612462353295931 True 0.9040881512075546 
