0 1 2 3 4 5 6 7 8 9 10 11 12 13
TG0 13 8 7.77 -23 13 20.2 P 8 19.42 0 0.0 0.0 Program
TG1 13 11 20.45 -24 26 13.7 P 8 18.5 0 0.0 0.0 Program
TG2 13 10 49.96 -23 23 5.2 P 8 19.74 0 0.0 0.0 Program
TG3 13 10 58.76 -23 53 9.6 P 8 19.39 0 0.0 0.0 Program
TG4 13 6 59.44 -23 20 53.7 P 8 18.16 0 0.0 0.0 Program
TG5 13 10 6.44 -23 29 43.9 P 8 17.79 0 0.0 0.0 Program
TG6 13 9 14.25 -24 55 28.8 P 8 19.28 0 0.0 0.0 Program
TG7 13 8 2.82 -23 25 50.0 P 8 19.78 0 0.0 0.0 Program
TG8 13 8 22.92 -23 33 1.7 P 8 18.3 0 0.0 0.0 Program
TG9 13 11 47.57 -23 52 50.3 P 8 19.83 0 0.0 0.0 Program
TG10 13 5 11.86 -24 13 6.2 P 8 19.99 0 0.0 0.0 Program
TG11 13 7 30.26 -23 12 46.1 P 8 19.39 0 0.0 0.0 Program
TG12 13 6 12.76 -24 4 40.8 P 8 18.91 0 0.0 0.0 Program
TG13 13 4 13.97 -23 25 30.9 P 8 19.22 0 0.0 0.0 Program
TG14 13 6 1.84 -23 14 18.1 P 8 19.68 0 0.0 0.0 Program
TG15 13 6 14.58 -24 28 5.1 P 8 18.82 0 0.0 0.0 Program
TG16 13 6 27.07 -23 14 52.4 P 8 19.62 0 0.0 0.0 Program
TG17 13 8 51.8 -23 54 57.8 P 8 19.26 0 0.0 0.0 Program
TG18 13 6 49.4 -23 21 57.9 P 8 18.92 0 0.0 0.0 Program
TG19 13 4 8.55 -23 32 34.0 P 8 19.86 0 0.0 0.0 Program
TG20 13 5 19.96 -24 44 37.9 P 8 18.97 0 0.0 0.0 Program
TG21 13 10 33.7 -23 25 10.5 P 8 19.39 0 0.0 0.0 Program
TG22 13 10 31.12 -23 52 44.6 P 8 19.82 0 0.0 0.0 Program
TG23 13 5 29.25 -24 44 20.4 P 8 19.13 0 0.0 0.0 Program
TG24 13 9 3.95 -24 29 31.2 P 8 19.93 0 0.0 0.0 Program
TG25 13 6 47.62 -23 6 38.0 P 8 19.77 0 0.0 0.0 Program
TG26 13 7 21.54 -23 7 23.8 P 8 19.81 0 0.0 0.0 Program
TG27 13 4 16.81 -23 49 24.8 P 8 19.59 0 0.0 0.0 Program
TG28 13 7 41.06 -23 1 51.0 P 8 19.0 0 0.0 0.0 Program
TG29 13 6 24.79 -23 6 20.5 P 8 19.76 0 0.0 0.0 Program
TG30 13 4 23.47 -23 32 55.1 P 8 19.82 0 0.0 0.0 Program
TG31 13 4 14.87 -23 37 31.1 P 8 18.98 0 0.0 0.0 Program
TG32 13 6 58.75 -23 25 28.5 P 8 17.57 0 0.0 0.0 Program
TG33 13 7 33.38 -24 55 4.0 P 8 19.92 0 0.0 0.0 Program
TG34 13 11 11.84 -24 2 47.7 P 8 18.36 0 0.0 0.0 Program
TG35 13 10 29.15 -24 30 56.8 P 8 19.88 0 0.0 0.0 Program
TG36 13 7 5.74 -23 2 56.1 P 8 17.91 0 0.0 0.0 Program
TG37 13 5 33.93 -24 15 10.4 P 8 19.71 0 0.0 0.0 Program
TG38 13 8 48.15 -23 52 54.6 P 8 19.7 0 0.0 0.0 Program
TG39 13 6 12.04 -23 5 30.6 P 8 19.76 0 0.0 0.0 Program
TG40 13 3 37.35 -23 58 15.2 P 8 19.76 0 0.0 0.0 Program
TG41 13 7 23.02 -23 47 56.3 P 8 19.77 0 0.0 0.0 Program
TG42 13 7 38.14 -23 14 12.9 P 8 19.68 0 0.0 0.0 Program
TG43 13 8 46.4 -24 7 3.9 P 8 19.45 0 0.0 0.0 Program
TG44 13 8 4.18 -24 1 53.9 P 8 19.75 0 0.0 0.0 Program
TG45 13 10 56.83 -23 57 23.5 P 8 18.6 0 0.0 0.0 Program
TG46 13 8 22.57 -23 33 12.3 P 8 18.43 0 0.0 0.0 Program
TG47 13 4 4.35 -23 37 21.2 P 8 19.37 0 0.0 0.0 Program
TG48 13 8 2.93 -24 12 4.4 P 8 19.59 0 0.0 0.0 Program
TG49 13 9 51.02 -24 15 5.8 P 8 19.69 0 0.0 0.0 Program
TG50 13 7 2.94 -23 51 12.5 P 8 18.46 0 0.0 0.0 Program
TG51 13 4 8.0 -24 32 41.5 P 8 19.8 0 0.0 0.0 Program
TG52 13 6 42.48 -23 22 27.3 P 8 19.95 0 0.0 0.0 Program
TG53 13 5 20.54 -24 35 7.5 P 8 19.72 0 0.0 0.0 Program
TG54 13 4 34.83 -24 20 12.9 P 8 20.0 0 0.0 0.0 Program
TG55 13 4 54.15 -24 27 55.4 P 8 19.95 0 0.0 0.0 Program
TG56 13 8 51.53 -24 8 17.2 P 8 17.9 0 0.0 0.0 Program
TG57 13 6 42.75 -24 52 29.8 P 8 19.75 0 0.0 0.0 Program
TG58 13 8 34.65 -23 30 36.9 P 8 19.12 0 0.0 0.0 Program
TG59 13 8 39.6 -23 28 38.4 P 8 16.94 0 0.0 0.0 Program
TG60 13 5 46.54 -24 53 15.2 P 8 19.41 0 0.0 0.0 Program
TG61 13 8 29.0 -23 31 33.0 P 8 19.0 0 0.0 0.0 Program
TG62 13 7 39.23 -24 18 55.6 P 8 18.93 0 0.0 0.0 Program
TG63 13 8 27.16 -24 54 34.5 P 8 19.43 0 0.0 0.0 Program
TG64 13 8 10.97 -24 56 56.6 P 8 19.99 0 0.0 0.0 Program
TG65 13 4 8.14 -23 32 32.5 P 8 19.32 0 0.0 0.0 Program
TG66 13 3 30.37 -24 15 44.7 P 8 18.96 0 0.0 0.0 Program
TG67 13 6 51.26 -23 44 49.6 P 8 19.17 0 0.0 0.0 Program
TG68 13 9 14.93 -23 8 28.0 P 8 19.28 0 0.0 0.0 Program
TG69 13 6 55.52 -24 56 42.7 P 8 18.65 0 0.0 0.0 Program
TG70 13 8 7.08 -24 30 9.0 P 8 19.65 0 0.0 0.0 Program
TG71 13 3 56.2 -23 46 7.4 P 8 19.64 0 0.0 0.0 Program
TG72 13 8 41.76 -23 4 1.6 P 8 19.44 0 0.0 0.0 Program
TG73 13 4 12.5 -23 46 35.0 P 8 17.71 0 0.0 0.0 Program
TG74 13 3 31.42 -24 17 7.0 P 8 19.57 0 0.0 0.0 Program
TG75 13 9 1.58 -24 24 18.7 P 8 19.01 0 0.0 0.0 Program
TG76 13 9 10.73 -24 31 8.4 P 8 19.29 0 0.0 0.0 Program
TG77 13 6 53.12 -23 56 56.2 P 8 19.95 0 0.0 0.0 Program
TG78 13 4 55.13 -24 38 31.0 P 8 18.5 0 0.0 0.0 Program
TG79 13 9 42.79 -24 45 19.6 P 8 17.61 0 0.0 0.0 Program
TG80 13 5 21.5 -24 46 46.9 P 8 19.54 0 0.0 0.0 Program
TG81 13 8 17.27 -23 14 22.7 P 8 19.53 0 0.0 0.0 Program
TG82 13 4 48.37 -24 38 37.8 P 8 19.93 0 0.0 0.0 Program
TG83 13 8 17.94 -23 2 20.4 P 8 19.67 0 0.0 0.0 Program
TG84 13 3 43.39 -24 0 41.8 P 8 19.42 0 0.0 0.0 Program
TG85 13 4 31.56 -24 12 37.1 P 8 19.67 0 0.0 0.0 Program
TG86 13 3 16.09 -24 3 48.6 P 8 19.54 0 0.0 0.0 Program
TG87 13 7 20.32 -24 58 33.5 P 8 19.79 0 0.0 0.0 Program
TG88 13 9 15.05 -24 55 13.9 P 8 19.28 0 0.0 0.0 Program
TG89 13 9 1.68 -24 32 4.0 P 8 19.72 0 0.0 0.0 Program
TG90 13 5 57.85 -23 22 2.5 P 8 19.59 0 0.0 0.0 Program
TG91 13 8 18.59 -23 4 55.2 P 8 19.07 0 0.0 0.0 Program
TG92 13 8 11.58 -24 15 37.8 P 8 19.38 0 0.0 0.0 Program
TG93 13 7 37.81 -24 27 21.8 P 8 19.73 0 0.0 0.0 Program
TG94 13 5 52.97 -23 28 20.9 P 8 18.75 0 0.0 0.0 Program
TG95 13 7 10.19 -24 26 47.2 P 8 18.63 0 0.0 0.0 Program
TG96 13 9 26.53 -23 34 9.2 P 8 18.92 0 0.0 0.0 Program
TG97 13 6 58.48 -24 45 1.4 P 8 19.2 0 0.0 0.0 Program
TG98 13 5 6.92 -24 9 56.0 P 8 19.26 0 0.0 0.0 Program
TG99 13 9 24.82 -24 28 6.5 P 8 19.6 0 0.0 0.0 Program
TG100 13 7 41.13 -23 3 20.0 P 8 19.98 0 0.0 0.0 Program
TG101 13 9 38.88 -24 51 21.0 P 8 18.82 0 0.0 0.0 Program
TG102 13 9 20.97 -24 38 27.5 P 8 19.08 0 0.0 0.0 Program
TG103 13 8 34.73 -23 13 57.9 P 8 18.32 0 0.0 0.0 Program
TG104 13 6 56.04 -23 3 37.0 P 8 19.96 0 0.0 0.0 Program
TG105 13 9 29.15 -24 41 9.3 P 8 19.87 0 0.0 0.0 Program
TG106 13 7 50.96 -24 50 37.5 P 8 18.83 0 0.0 0.0 Program
TG107 13 6 28.27 -23 11 55.3 P 8 19.52 0 0.0 0.0 Program
TG108 13 3 19.38 -24 13 22.3 P 8 17.93 0 0.0 0.0 Program
TG109 13 11 1.54 -24 16 22.1 P 8 18.17 0 0.0 0.0 Program
TG110 13 8 53.63 -24 48 4.9 P 8 18.74 0 0.0 0.0 Program
TG111 13 6 38.57 -24 21 31.9 P 8 19.75 0 0.0 0.0 Program
TG112 13 8 37.5 -23 27 22.2 P 8 18.11 0 0.0 0.0 Program
TG113 13 11 4.73 -23 51 33.0 P 8 19.95 0 0.0 0.0 Program
TG114 13 3 38.97 -24 22 55.9 P 8 19.31 0 0.0 0.0 Program
TG115 13 6 50.7 -23 32 15.1 P 8 19.01 0 0.0 0.0 Program
TG116 13 6 37.18 -23 17 53.6 P 8 19.9 0 0.0 0.0 Program
TG117 13 9 9.32 -23 50 27.7 P 8 19.74 0 0.0 0.0 Program
TG118 13 3 58.32 -23 30 34.8 P 8 19.51 0 0.0 0.0 Program
TG119 13 8 46.25 -23 16 31.9 P 8 19.84 0 0.0 0.0 Program
TG120 13 7 58.4 -23 52 3.3 P 8 18.98 0 0.0 0.0 Program
TG121 13 5 12.59 -23 48 41.5 P 8 18.47 0 0.0 0.0 Program
TG122 13 5 28.43 -24 50 35.0 P 8 19.73 0 0.0 0.0 Program
TG123 13 5 31.55 -23 8 50.6 P 8 19.86 0 0.0 0.0 Program
TG124 13 9 17.13 -24 16 36.2 P 8 19.32 0 0.0 0.0 Program
TG125 13 6 59.66 -24 17 59.1 P 8 19.66 0 0.0 0.0 Program
TG126 13 4 21.54 -23 31 53.7 P 8 19.31 0 0.0 0.0 Program
TG127 13 11 53.19 -23 58 11.8 P 8 19.28 0 0.0 0.0 Program
TG128 13 9 44.59 -24 12 17.1 P 8 19.47 0 0.0 0.0 Program
TG129 13 7 16.36 -23 22 35.1 P 8 19.43 0 0.0 0.0 Program
TG130 13 3 28.21 -24 12 37.0 P 8 19.7 0 0.0 0.0 Program
TG131 13 3 41.07 -24 22 35.8 P 8 19.55 0 0.0 0.0 Program
TG132 13 4 45.93 -23 46 18.6 P 8 19.61 0 0.0 0.0 Program
TG133 13 5 27.62 -23 36 52.5 P 8 19.74 0 0.0 0.0 Program
TG134 13 9 29.38 -23 39 7.7 P 8 19.75 0 0.0 0.0 Program
TG135 13 5 31.2 -23 58 6.9 P 8 19.34 0 0.0 0.0 Program
TG136 13 10 52.93 -23 53 40.1 P 8 19.96 0 0.0 0.0 Program
TG137 13 8 13.74 -23 26 16.7 P 8 19.47 0 0.0 0.0 Program
TG138 13 6 55.35 -23 42 21.3 P 8 19.69 0 0.0 0.0 Program
TG139 13 3 59.16 -24 3 32.5 P 8 19.83 0 0.0 0.0 Program
TG140 13 9 42.49 -24 11 39.8 P 8 18.96 0 0.0 0.0 Program
TG141 13 4 20.92 -23 32 27.3 P 8 19.06 0 0.0 0.0 Program
TG142 13 6 9.31 -24 29 3.3 P 8 19.92 0 0.0 0.0 Program
TG143 13 10 24.84 -24 41 39.5 P 8 19.41 0 0.0 0.0 Program
TG144 13 6 56.4 -24 15 56.0 P 8 19.17 0 0.0 0.0 Program
TG145 13 8 2.99 -23 25 37.9 P 8 18.95 0 0.0 0.0 Program
TG146 13 3 50.28 -24 15 1.5 P 8 19.75 0 0.0 0.0 Program
TG147 13 4 44.63 -24 44 56.4 P 8 19.01 0 0.0 0.0 Program
TG148 13 3 18.39 -23 47 16.6 P 8 19.43 0 0.0 0.0 Program
TG149 13 9 7.38 -23 47 20.4 P 8 18.58 0 0.0 0.0 Program
TG150 13 7 29.94 -24 8 17.7 P 8 19.19 0 0.0 0.0 Program
TG151 13 4 9.91 -23 40 46.0 P 8 18.44 0 0.0 0.0 Program
TG152 13 9 17.69 -24 43 17.4 P 8 18.86 0 0.0 0.0 Program
TG153 13 5 6.06 -23 38 38.9 P 8 18.69 0 0.0 0.0 Program
TG154 13 9 10.19 -23 16 15.6 P 8 19.99 0 0.0 0.0 Program
TG155 13 9 18.11 -23 8 12.2 P 8 17.83 0 0.0 0.0 Program
TG156 13 4 6.07 -24 17 33.9 P 8 18.87 0 0.0 0.0 Program
TG157 13 8 41.29 -23 25 28.2 P 8 19.91 0 0.0 0.0 Program
TG158 13 9 35.77 -23 11 51.7 P 8 19.9 0 0.0 0.0 Program
TG159 13 11 15.99 -24 15 41.4 P 8 19.74 0 0.0 0.0 Program
TG160 13 5 37.16 -23 9 0.0 P 8 19.67 0 0.0 0.0 Program
TG161 13 5 30.63 -24 30 43.3 P 8 19.68 0 0.0 0.0 Program
TG162 13 5 34.65 -23 23 52.0 P 8 19.74 0 0.0 0.0 Program
TG163 13 3 12.7 -24 2 24.2 P 8 19.69 0 0.0 0.0 Program
TG164 13 4 48.65 -24 35 49.0 P 8 19.44 0 0.0 0.0 Program
TG165 13 3 53.07 -24 18 35.3 P 8 18.57 0 0.0 0.0 Program
TG166 13 6 32.9 -23 58 3.3 P 8 19.3 0 0.0 0.0 Program
TG167 13 5 41.66 -23 55 42.5 P 8 18.81 0 0.0 0.0 Program
TG168 13 4 48.83 -23 40 45.2 P 8 19.86 0 0.0 0.0 Program
TG169 13 10 10.77 -24 31 47.8 P 8 18.78 0 0.0 0.0 Program
TG170 13 8 5.55 -24 8 10.7 P 8 19.96 0 0.0 0.0 Program
TG171 13 6 0.68 -23 18 0.5 P 8 19.32 0 0.0 0.0 Program
TG172 13 9 28.97 -24 25 57.4 P 8 19.78 0 0.0 0.0 Program
TG173 13 6 41.17 -24 34 49.4 P 8 19.21 0 0.0 0.0 Program
TG174 13 7 20.55 -23 24 15.0 P 8 19.66 0 0.0 0.0 Program
TG175 13 9 58.83 -24 41 53.9 P 8 19.61 0 0.0 0.0 Program
TG176 13 9 28.13 -23 16 45.2 P 8 18.27 0 0.0 0.0 Program
TG177 13 5 33.32 -23 59 55.1 P 8 19.74 0 0.0 0.0 Program
TG178 13 4 40.99 -23 37 2.3 P 8 19.93 0 0.0 0.0 Program
TG179 13 7 41.39 -23 18 30.2 P 8 19.42 0 0.0 0.0 Program
TG180 13 6 13.87 -24 47 34.2 P 8 19.93 0 0.0 0.0 Program
TG181 13 8 34.87 -24 45 49.6 P 8 19.98 0 0.0 0.0 Program
TG182 13 4 23.42 -23 34 15.7 P 8 19.52 0 0.0 0.0 Program
TG183 13 10 20.03 -24 41 4.9 P 8 19.52 0 0.0 0.0 Program
TG184 13 3 35.74 -24 13 45.1 P 8 19.52 0 0.0 0.0 Program
TG185 13 7 48.08 -23 3 18.2 P 8 19.57 0 0.0 0.0 Program
TG186 13 7 36.95 -23 25 22.3 P 8 19.2 0 0.0 0.0 Program
TG187 13 9 57.4 -24 34 47.3 P 8 19.81 0 0.0 0.0 Program
TG188 13 3 22.54 -24 17 44.5 P 8 19.83 0 0.0 0.0 Program
TG189 13 4 27.79 -24 2 23.2 P 8 18.84 0 0.0 0.0 Program
TG190 13 6 34.0 -24 19 45.7 P 8 19.56 0 0.0 0.0 Program
TG191 13 4 10.51 -23 49 26.7 P 8 17.81 0 0.0 0.0 Program
TG192 13 9 22.56 -24 36 16.3 P 8 19.82 0 0.0 0.0 Program
TG193 13 4 29.89 -23 45 34.1 P 8 18.77 0 0.0 0.0 Program
TG194 13 4 48.5 -23 31 12.6 P 8 18.88 0 0.0 0.0 Program
TG195 13 9 21.18 -23 33 39.4 P 8 18.85 0 0.0 0.0 Program
TG196 13 8 37.25 -24 3 36.1 P 8 19.77 0 0.0 0.0 Program
TG197 13 7 28.64 -24 46 46.7 P 8 19.18 0 0.0 0.0 Program
TG198 13 7 6.96 -23 50 19.2 P 8 19.59 0 0.0 0.0 Program
TG199 13 9 24.81 -23 34 28.1 P 8 19.87 0 0.0 0.0 Program
TG200 13 4 59.27 -23 39 36.6 P 8 18.09 0 0.0 0.0 Program
TG201 13 8 33.54 -23 23 0.4 P 8 19.53 0 0.0 0.0 Program
TG202 13 9 25.79 -24 37 29.2 P 8 19.03 0 0.0 0.0 Program
TG203 13 4 24.58 -23 58 37.8 P 8 19.97 0 0.0 0.0 Program
TG204 13 8 1.21 -23 22 48.3 P 8 19.56 0 0.0 0.0 Program
TG205 13 6 19.46 -24 38 33.5 P 8 19.85 0 0.0 0.0 Program
TG206 13 4 35.79 -23 18 55.0 P 8 18.46 0 0.0 0.0 Program
TG207 13 4 16.16 -23 25 16.3 P 8 19.92 0 0.0 0.0 Program
TG208 13 8 11.76 -23 31 32.5 P 8 19.75 0 0.0 0.0 Program
TG209 13 6 22.75 -23 6 0.5 P 8 18.39 0 0.0 0.0 Program
TG210 13 5 14.78 -23 34 35.4 P 8 19.8 0 0.0 0.0 Program
TG211 13 4 19.59 -24 2 31.0 P 8 19.95 0 0.0 0.0 Program
TG212 13 6 4.34 -23 13 17.1 P 8 19.28 0 0.0 0.0 Program
TG213 13 9 18.68 -24 13 3.1 P 8 19.8 0 0.0 0.0 Program
TG214 13 7 27.67 -23 1 7.5 P 8 19.84 0 0.0 0.0 Program
TG215 13 4 10.17 -24 2 52.6 P 8 19.87 0 0.0 0.0 Program
TG216 13 3 52.91 -24 17 29.5 P 8 19.98 0 0.0 0.0 Program
TG217 13 7 46.12 -23 52 30.5 P 8 19.72 0 0.0 0.0 Program
TG218 13 4 12.4 -24 21 14.2 P 8 19.28 0 0.0 0.0 Program
TG219 13 8 29.35 -23 34 24.3 P 8 19.71 0 0.0 0.0 Program
TG220 13 5 12.99 -23 26 19.2 P 8 20.0 0 0.0 0.0 Program
TG221 13 6 39.18 -23 25 3.2 P 8 19.42 0 0.0 0.0 Program
TG222 13 5 4.59 -23 23 50.4 P 8 18.39 0 0.0 0.0 Program
TG223 13 4 0.48 -23 34 23.3 P 8 19.81 0 0.0 0.0 Program
TG224 13 3 35.16 -24 12 40.9 P 8 19.59 0 0.0 0.0 Program
TG225 13 6 35.15 -24 43 16.4 P 8 17.66 0 0.0 0.0 Program
TG226 13 3 20.47 -23 49 2.6 P 8 19.93 0 0.0 0.0 Program
TG227 13 10 49.61 -24 8 14.6 P 8 19.23 0 0.0 0.0 Program
TG228 13 8 35.56 -23 29 49.5 P 8 19.85 0 0.0 0.0 Program
TG229 13 4 31.6 -24 32 30.6 P 8 19.23 0 0.0 0.0 Program
TG230 13 6 10.29 -23 7 49.7 P 8 19.37 0 0.0 0.0 Program
TG231 13 3 29.27 -24 17 32.8 P 8 19.4 0 0.0 0.0 Program
TG232 13 3 53.22 -24 23 21.9 P 8 18.58 0 0.0 0.0 Program
TG233 13 3 37.39 -24 2 2.3 P 8 19.44 0 0.0 0.0 Program
TG234 13 8 51.92 -23 11 57.2 P 8 19.91 0 0.0 0.0 Program
TG235 13 4 8.49 -23 34 54.7 P 8 19.44 0 0.0 0.0 Program
TG236 13 9 52.68 -24 49 38.6 P 8 19.37 0 0.0 0.0 Program
TG237 13 4 58.05 -24 37 20.2 P 8 19.11 0 0.0 0.0 Program
TG238 13 10 4.93 -24 11 18.3 P 8 19.78 0 0.0 0.0 Program
TG239 13 7 45.86 -24 50 28.5 P 8 19.82 0 0.0 0.0 Program
TG240 13 5 6.21 -23 53 15.3 P 8 19.6 0 0.0 0.0 Program
TG241 13 3 40.91 -24 1 13.1 P 8 19.59 0 0.0 0.0 Program
TG242 13 3 34.85 -24 0 32.5 P 8 19.95 0 0.0 0.0 Program
TG243 13 4 21.8 -24 11 37.6 P 8 19.46 0 0.0 0.0 Program
TG244 13 4 7.13 -24 32 46.2 P 8 19.69 0 0.0 0.0 Program
TG245 13 6 42.82 -24 53 58.7 P 8 19.52 0 0.0 0.0 Program
TG246 13 4 53.16 -24 33 17.0 P 8 19.8 0 0.0 0.0 Program
TG247 13 5 48.2 -23 56 19.2 P 8 19.45 0 0.0 0.0 Program
TG248 13 4 57.42 -23 40 49.9 P 8 18.78 0 0.0 0.0 Program
TG249 13 3 42.71 -23 41 11.3 P 8 18.33 0 0.0 0.0 Program
TG250 13 6 1.94 -23 24 33.1 P 8 18.13 0 0.0 0.0 Program
TG251 13 4 0.76 -24 18 39.4 P 8 19.66 0 0.0 0.0 Program
TG252 13 5 9.05 -24 12 11.0 P 8 19.62 0 0.0 0.0 Program
TG253 13 3 38.11 -23 57 19.4 P 8 19.4 0 0.0 0.0 Program
TG254 13 6 19.99 -23 25 48.6 P 8 19.06 0 0.0 0.0 Program
TG255 13 9 13.91 -23 33 58.1 P 8 19.64 0 0.0 0.0 Program
TG256 13 11 38.29 -24 14 4.3 P 8 18.93 0 0.0 0.0 Program
TG257 13 10 21.1 -24 43 27.2 P 8 19.1 0 0.0 0.0 Program
TG258 13 7 45.2 -23 48 3.5 P 8 19.16 0 0.0 0.0 Program
TG259 13 4 40.82 -23 28 2.7 P 8 19.47 0 0.0 0.0 Program
TG260 13 3 40.73 -24 19 21.1 P 8 19.8 0 0.0 0.0 Program
TG261 13 3 37.54 -23 54 45.9 P 8 19.38 0 0.0 0.0 Program
TG262 13 7 15.12 -24 52 3.1 P 8 19.9 0 0.0 0.0 Program
TG263 13 6 18.61 -24 27 9.9 P 8 19.06 0 0.0 0.0 Program
TG264 13 10 21.29 -24 7 48.7 P 8 19.9 0 0.0 0.0 Program
TG265 13 8 21.31 -24 16 4.9 P 8 19.44 0 0.0 0.0 Program
TG266 13 4 33.92 -24 34 0.2 P 8 18.64 0 0.0 0.0 Program
TG267 13 4 17.0 -24 1 51.8 P 8 19.38 0 0.0 0.0 Program
TG268 13 8 57.9 -24 48 35.1 P 8 19.64 0 0.0 0.0 Program
TG269 13 7 38.72 -23 3 15.6 P 8 19.99 0 0.0 0.0 Program
TG270 13 4 18.7 -23 46 25.0 P 8 19.96 0 0.0 0.0 Program
TG271 13 4 50.3 -23 23 1.7 P 8 18.98 0 0.0 0.0 Program
TG272 13 8 1.95 -23 25 7.6 P 8 19.96 0 0.0 0.0 Program
TG273 13 6 22.57 -24 5 19.7 P 8 19.64 0 0.0 0.0 Program
TG274 13 3 41.54 -23 33 12.9 P 8 19.63 0 0.0 0.0 Program
TG275 13 8 43.06 -24 22 41.3 P 8 19.62 0 0.0 0.0 Program
TG276 13 4 23.34 -23 27 0.9 P 8 19.7 0 0.0 0.0 Program
TG277 13 9 36.81 -24 25 28.3 P 8 19.92 0 0.0 0.0 Program
TG278 13 4 2.89 -23 39 33.3 P 8 19.43 0 0.0 0.0 Program
TG279 13 8 20.36 -23 37 39.1 P 8 19.73 0 0.0 0.0 Program
TG280 13 11 30.29 -23 44 55.2 P 8 19.61 0 0.0 0.0 Program
TG281 13 8 6.84 -23 47 12.3 P 8 19.88 0 0.0 0.0 Program
TG282 13 7 1.94 -23 46 35.7 P 8 19.01 0 0.0 0.0 Program
TG283 13 8 11.86 -23 31 40.1 P 8 19.17 0 0.0 0.0 Program
TG284 13 6 56.79 -24 30 22.5 P 8 19.84 0 0.0 0.0 Program
TG285 13 9 7.54 -24 50 13.6 P 8 19.52 0 0.0 0.0 Program
TG286 13 5 14.58 -23 26 53.1 P 8 19.62 0 0.0 0.0 Program
TG287 13 9 54.3 -23 28 54.0 P 8 19.03 0 0.0 0.0 Program
TG288 13 9 30.55 -23 14 47.4 P 8 19.46 0 0.0 0.0 Program
TG289 13 8 33.45 -23 35 6.7 P 8 19.79 0 0.0 0.0 Program
TG290 13 6 20.16 -23 13 8.2 P 8 19.09 0 0.0 0.0 Program
TG291 13 6 6.56 -24 53 12.0 P 8 19.06 0 0.0 0.0 Program
TG292 13 3 39.62 -24 19 36.3 P 8 19.27 0 0.0 0.0 Program
TG293 13 4 43.29 -24 45 1.1 P 8 19.93 0 0.0 0.0 Program
TG294 13 9 9.75 -23 32 55.1 P 8 19.1 0 0.0 0.0 Program
TG295 13 8 35.65 -24 53 7.5 P 8 18.88 0 0.0 0.0 Program
TG296 13 4 29.18 -23 37 12.9 P 8 18.87 0 0.0 0.0 Program
TG297 13 4 57.52 -23 53 23.4 P 8 19.81 0 0.0 0.0 Program
TG298 13 8 33.73 -23 4 39.3 P 8 17.49 0 0.0 0.0 Program
TG299 13 7 40.1 -24 58 47.3 P 8 18.95 0 0.0 0.0 Program
TG300 13 3 55.44 -23 30 25.6 P 8 19.26 0 0.0 0.0 Program
TG301 13 3 35.91 -23 41 3.5 P 8 19.82 0 0.0 0.0 Program
TG302 13 8 51.44 -24 17 43.4 P 8 19.43 0 0.0 0.0 Program
TG303 13 4 40.08 -23 31 7.5 P 8 19.93 0 0.0 0.0 Program
TG304 13 5 24.12 -23 31 12.3 P 8 19.97 0 0.0 0.0 Program
TG305 13 4 25.82 -23 31 45.5 P 8 19.39 0 0.0 0.0 Program
TG306 13 10 38.93 -24 27 3.0 P 8 19.74 0 0.0 0.0 Program
TG307 13 4 17.45 -23 44 3.2 P 8 19.64 0 0.0 0.0 Program
TG308 13 6 16.46 -23 42 7.1 P 8 19.97 0 0.0 0.0 Program
TG309 13 5 28.82 -23 30 46.4 P 8 18.12 0 0.0 0.0 Program
TG310 13 9 12.49 -23 27 45.1 P 8 18.03 0 0.0 0.0 Program
TG311 13 3 46.9 -24 24 5.6 P 8 19.91 0 0.0 0.0 Program
TG312 13 10 31.8 -24 38 55.4 P 8 19.22 0 0.0 0.0 Program
TG313 13 9 47.14 -23 32 29.8 P 8 19.34 0 0.0 0.0 Program
TG314 13 7 9.14 -24 13 27.2 P 8 19.54 0 0.0 0.0 Program
TG315 13 7 36.32 -23 23 3.5 P 8 19.47 0 0.0 0.0 Program
TG316 13 9 15.29 -23 52 40.5 P 8 18.09 0 0.0 0.0 Program
TG317 13 3 41.6 -23 43 54.5 P 8 18.64 0 0.0 0.0 Program
TG318 13 7 5.42 -24 23 12.9 P 8 19.52 0 0.0 0.0 Program
TG319 13 3 35.62 -24 13 22.8 P 8 19.79 0 0.0 0.0 Program
TG320 13 5 32.61 -24 12 20.8 P 8 17.69 0 0.0 0.0 Program
TG321 13 8 26.9 -23 33 17.3 P 8 19.88 0 0.0 0.0 Program
TG322 13 5 37.25 -24 36 21.1 P 8 19.8 0 0.0 0.0 Program
TG323 13 5 13.05 -24 45 33.9 P 8 19.78 0 0.0 0.0 Program
TG324 13 9 32.96 -24 12 12.9 P 8 19.88 0 0.0 0.0 Program
TG325 13 4 45.29 -24 45 31.6 P 8 19.81 0 0.0 0.0 Program
TG326 13 11 49.48 -23 50 34.4 P 8 19.86 0 0.0 0.0 Program
TG327 13 3 23.34 -24 1 20.1 P 8 19.43 0 0.0 0.0 Program
TG328 13 10 5.41 -24 45 31.5 P 8 19.27 0 0.0 0.0 Program
TG329 13 11 29.43 -24 25 14.2 P 8 19.97 0 0.0 0.0 Program
TG330 13 4 54.8 -23 24 25.7 P 8 19.8 0 0.0 0.0 Program
TG331 13 4 21.9 -23 49 57.2 P 8 19.79 0 0.0 0.0 Program
TG332 13 4 32.61 -23 46 2.2 P 8 19.83 0 0.0 0.0 Program
TG333 13 3 26.08 -24 9 58.6 P 8 19.9 0 0.0 0.0 Program
TG334 13 10 16.57 -23 21 27.5 P 8 19.8 0 0.0 0.0 Program
TG335 13 11 44.05 -24 3 45.4 P 8 19.96 0 0.0 0.0 Program
TG336 13 10 11.24 -24 44 44.3 P 8 19.91 0 0.0 0.0 Program
TG337 13 7 56.55 -23 26 2.1 P 8 19.78 0 0.0 0.0 Program
TG338 13 8 56.88 -23 45 54.0 P 8 19.82 0 0.0 0.0 Program
TG339 13 10 59.4 -24 36 50.7 P 8 19.17 0 0.0 0.0 Program
TG340 13 4 35.49 -24 39 28.6 P 8 19.72 0 0.0 0.0 Program
TG341 13 4 48.54 -24 27 8.6 P 8 20.0 0 0.0 0.0 Program
TG342 13 6 19.14 -24 50 27.5 P 8 19.6 0 0.0 0.0 Program
TG343 13 11 43.15 -24 15 39.7 P 8 18.9 0 0.0 0.0 Program
TG344 13 8 31.7 -23 30 55.5 P 8 19.57 0 0.0 0.0 Program
TG345 13 9 32.2 -24 29 45.3 P 8 19.17 0 0.0 0.0 Program
TG346 13 4 42.6 -23 32 33.6 P 8 19.58 0 0.0 0.0 Program
TG347 13 7 24.5 -24 26 44.3 P 8 18.67 0 0.0 0.0 Program
TG348 13 9 47.49 -23 48 1.0 P 8 19.87 0 0.0 0.0 Program
TG349 13 4 56.2 -23 19 38.6 P 8 19.67 0 0.0 0.0 Program
TG350 13 6 34.7 -24 25 41.1 P 8 19.18 0 0.0 0.0 Program
TG351 13 5 26.82 -23 38 38.5 P 8 19.33 0 0.0 0.0 Program
TG352 13 10 23.08 -23 54 9.2 P 8 19.9 0 0.0 0.0 Program
TG353 13 6 12.91 -24 29 25.1 P 8 18.41 0 0.0 0.0 Program
TG354 13 4 53.64 -24 10 30.9 P 8 19.9 0 0.0 0.0 Program
TG355 13 3 26.71 -24 9 2.9 P 8 18.64 0 0.0 0.0 Program
TG356 13 6 17.38 -23 22 59.1 P 8 19.51 0 0.0 0.0 Program
TG357 13 5 19.35 -24 32 20.4 P 8 19.95 0 0.0 0.0 Program
TG358 13 9 20.2 -23 9 15.9 P 8 18.85 0 0.0 0.0 Program
TG359 13 8 30.95 -23 22 46.8 P 8 19.11 0 0.0 0.0 Program
TG360 13 8 29.52 -24 43 38.7 P 8 19.74 0 0.0 0.0 Program
TG361 13 8 34.62 -24 15 4.9 P 8 18.87 0 0.0 0.0 Program
TG362 13 3 40.74 -23 41 41.3 P 8 19.01 0 0.0 0.0 Program
TG363 13 4 0.77 -24 15 48.5 P 8 19.92 0 0.0 0.0 Program
TG364 13 7 12.47 -23 15 54.6 P 8 19.17 0 0.0 0.0 Program
TG365 13 3 11.92 -23 59 9.6 P 8 18.37 0 0.0 0.0 Program
TG366 13 7 24.86 -23 7 59.9 P 8 19.76 0 0.0 0.0 Program
TG367 13 7 34.96 -24 33 57.5 P 8 19.54 0 0.0 0.0 Program
TG368 13 8 46.78 -24 17 29.9 P 8 19.96 0 0.0 0.0 Program
TG369 13 4 17.07 -23 25 32.8 P 8 19.71 0 0.0 0.0 Program
TG370 13 7 39.66 -23 30 30.8 P 8 19.78 0 0.0 0.0 Program
TG371 13 7 45.95 -23 3 35.0 P 8 19.25 0 0.0 0.0 Program
TG372 13 5 15.29 -23 23 57.2 P 8 19.3 0 0.0 0.0 Program
TG373 13 6 45.56 -24 15 13.1 P 8 19.95 0 0.0 0.0 Program
TG374 13 4 35.61 -24 12 49.1 P 8 18.4 0 0.0 0.0 Program
TG375 13 10 40.56 -24 39 29.0 P 8 19.73 0 0.0 0.0 Program
TG376 13 8 54.87 -24 8 32.7 P 8 19.7 0 0.0 0.0 Program
TG377 13 6 24.9 -24 43 6.2 P 8 18.89 0 0.0 0.0 Program
TG378 13 7 26.44 -23 31 58.3 P 8 18.83 0 0.0 0.0 Program
TG379 13 3 36.13 -24 18 37.2 P 8 19.96 0 0.0 0.0 Program
TG380 13 10 56.31 -24 25 51.3 P 8 19.11 0 0.0 0.0 Program
TG381 13 4 9.55 -23 35 19.1 P 8 18.41 0 0.0 0.0 Program
TG382 13 10 7.48 -23 28 55.9 P 8 19.83 0 0.0 0.0 Program
TG383 13 7 14.58 -23 6 58.5 P 8 19.78 0 0.0 0.0 Program
TG384 13 10 52.12 -23 22 15.5 P 8 19.87 0 0.0 0.0 Program
TG385 13 4 6.23 -24 13 46.8 P 8 19.93 0 0.0 0.0 Program
TG386 13 4 26.17 -23 30 40.9 P 8 19.79 0 0.0 0.0 Program
TG387 13 6 32.71 -23 13 47.3 P 8 19.54 0 0.0 0.0 Program
TG388 13 6 39.91 -24 36 12.7 P 8 19.01 0 0.0 0.0 Program
TG389 13 5 41.87 -24 54 46.9 P 8 19.79 0 0.0 0.0 Program
TG390 13 6 24.64 -24 11 55.3 P 8 19.24 0 0.0 0.0 Program
TG391 13 6 0.33 -24 13 40.6 P 8 18.94 0 0.0 0.0 Program
TG392 13 5 56.41 -23 9 24.7 P 8 19.5 0 0.0 0.0 Program
TG393 13 9 20.86 -23 50 22.7 P 8 19.17 0 0.0 0.0 Program
TG394 13 9 33.48 -23 20 41.2 P 8 19.94 0 0.0 0.0 Program
TG395 13 6 57.36 -24 5 51.5 P 8 19.84 0 0.0 0.0 Program
TG396 13 7 21.84 -23 11 49.4 P 8 19.17 0 0.0 0.0 Program
TG397 13 7 58.63 -24 26 25.8 P 8 19.74 0 0.0 0.0 Program
TG398 13 9 26.78 -23 11 11.6 P 8 19.98 0 0.0 0.0 Program
TG399 13 6 38.3 -24 21 26.6 P 8 19.91 0 0.0 0.0 Program
TG400 13 8 19.6 -23 38 53.1 P 8 19.67 0 0.0 0.0 Program
TG401 13 3 33.56 -24 24 28.7 P 8 19.92 0 0.0 0.0 Program
TG402 13 8 10.02 -23 6 21.3 P 8 18.36 0 0.0 0.0 Program
TG403 13 4 19.36 -23 48 29.9 P 8 19.98 0 0.0 0.0 Program
TG404 13 5 50.58 -24 32 11.7 P 8 19.94 0 0.0 0.0 Program
TG405 13 5 34.15 -23 34 10.8 P 8 19.81 0 0.0 0.0 Program
TG406 13 9 34.24 -23 17 30.7 P 8 19.58 0 0.0 0.0 Program
TG407 13 9 21.48 -24 5 27.6 P 8 19.14 0 0.0 0.0 Program
TG408 13 7 31.65 -23 4 9.8 P 8 19.92 0 0.0 0.0 Program
TG409 13 7 25.86 -23 16 30.7 P 8 19.41 0 0.0 0.0 Program
TG410 13 5 31.5 -23 38 9.0 P 8 19.95 0 0.0 0.0 Program
TG411 13 6 37.85 -23 13 1.0 P 8 19.98 0 0.0 0.0 Program
TG412 13 3 33.19 -24 0 46.3 P 8 19.8 0 0.0 0.0 Program
TG413 13 3 16.96 -24 10 17.6 P 8 19.07 0 0.0 0.0 Program
TG414 13 7 13.82 -23 7 10.9 P 8 18.59 0 0.0 0.0 Program
TG415 13 8 56.52 -24 16 30.6 P 8 19.01 0 0.0 0.0 Program
TG416 13 3 48.87 -24 27 7.5 P 8 19.33 0 0.0 0.0 Program
TG417 13 6 34.34 -23 55 54.8 P 8 19.58 0 0.0 0.0 Program
TG418 13 9 10.67 -24 51 1.6 P 8 19.32 0 0.0 0.0 Program
TG419 13 10 7.95 -24 12 13.6 P 8 19.76 0 0.0 0.0 Program
TG420 13 6 25.38 -24 7 58.0 P 8 19.1 0 0.0 0.0 Program
TG421 13 8 53.9 -24 30 22.5 P 8 17.16 0 0.0 0.0 Program
TG422 13 7 5.81 -23 1 51.6 P 8 19.82 0 0.0 0.0 Program
TG423 13 8 46.25 -23 47 35.4 P 8 19.82 0 0.0 0.0 Program
TG424 13 3 23.42 -23 58 20.5 P 8 17.63 0 0.0 0.0 Program
TG425 13 9 16.83 -23 35 8.1 P 8 19.83 0 0.0 0.0 Program
TG426 13 3 38.76 -24 16 17.0 P 8 19.88 0 0.0 0.0 Program
TG427 13 11 26.21 -24 3 39.0 P 8 19.37 0 0.0 0.0 Program
TG428 13 10 0.06 -23 55 31.8 P 8 18.55 0 0.0 0.0 Program
TG429 13 8 49.85 -23 33 15.9 P 8 19.71 0 0.0 0.0 Program
TG430 13 4 49.18 -24 19 59.2 P 8 19.64 0 0.0 0.0 Program
TG431 13 11 30.44 -24 4 56.3 P 8 19.78 0 0.0 0.0 Program
TG432 13 5 0.43 -23 28 46.8 P 8 19.98 0 0.0 0.0 Program
TG433 13 9 2.88 -24 46 14.8 P 8 19.56 0 0.0 0.0 Program
TG434 13 6 45.06 -24 37 0.8 P 8 18.95 0 0.0 0.0 Program
TG435 13 3 30.17 -23 49 20.9 P 8 18.49 0 0.0 0.0 Program
TG436 13 5 42.97 -23 34 9.3 P 8 19.53 0 0.0 0.0 Program
TG437 13 4 15.13 -23 48 6.9 P 8 19.38 0 0.0 0.0 Program
TG438 13 5 55.57 -24 43 38.4 P 8 19.99 0 0.0 0.0 Program
TG439 13 6 10.74 -24 38 49.8 P 8 19.59 0 0.0 0.0 Program
TG440 13 10 1.6 -24 47 16.3 P 8 19.73 0 0.0 0.0 Program
TG441 13 5 48.04 -24 22 6.5 P 8 18.33 0 0.0 0.0 Program
TG442 13 3 37.81 -24 26 15.7 P 8 19.99 0 0.0 0.0 Program
TG443 13 7 45.38 -24 50 32.6 P 8 19.86 0 0.0 0.0 Program
TG444 13 7 11.52 -24 43 45.8 P 8 19.68 0 0.0 0.0 Program
TG445 13 6 40.85 -23 11 19.6 P 8 19.93 0 0.0 0.0 Program
TG446 13 3 49.44 -24 14 13.1 P 8 19.3 0 0.0 0.0 Program
TG447 13 8 34.92 -24 19 38.0 P 8 19.85 0 0.0 0.0 Program
TG448 13 3 46.91 -24 15 55.7 P 8 19.96 0 0.0 0.0 Program
TG449 13 4 9.64 -23 48 3.3 P 8 18.95 0 0.0 0.0 Program
TG450 13 5 22.33 -24 48 17.0 P 8 19.47 0 0.0 0.0 Program
TG451 13 5 55.68 -23 25 6.0 P 8 19.94 0 0.0 0.0 Program
TG452 13 3 21.11 -24 0 31.8 P 8 19.93 0 0.0 0.0 Program
