RA DEC MAG_R MAG_G MAG_Z FLUX_R FLUX_G FLUX_Z FIBERFLUX_G FIBERFLUX_R FIBERFLUX_Z MW_TRANSMISSION_G MW_TRANSMISSION_R MW_TRANSMISSION_Z FLUX_IVAR_G FLUX_IVAR_R FLUX_IVAR_Z GAIA_PHOT_G_MEAN_MAG GAIA_PHOT_G_MEAN_MAG_1 MASKBITS FRACMASKED_G FRACMASKED_R FRACMASKED_Z FRACFLUX_G FRACFLUX_R FRACFLUX_Z FRACIN_G FRACIN_R FRACIN_Z NOBS_G NOBS_R NOBS_Z PROB LOCAL SEP 0
197.4392959171654 -24.0575020712081 19.805752 21.068462 18.899748 11.959126 3.73779 27.54867 1.3903414 4.448422 10.247247 0.66657954 0.76092875 0.8582807 1813.2874 801.47736 293.21194 0.0 0.0 0.0 0.00087560655 0.0010738824 0.0019849543 0.0031791825 0.0024912718 0.0024222424 1.0000001 0.9998492 0.9999999 17.0 20.0 41.0 0.4207567880021327 True 0.5035681033811075 
197.4891867156677 -24.57980992787562 19.80928 21.233967 18.991796 11.92031 3.209324 25.309387 1.3134255 4.878423 10.357944 0.724054 0.80452496 0.88544834 527.2365 296.83295 40.349243 0.0 0.0 0.0 0.004220939 0.005049667 0.0060325987 0.0004776985 0.00015012473 0.00010888668 0.99821943 0.99790573 0.9969266 3.0 5.0 5.0 0.3300479744675758 True 0.7907109276227239 
196.934353875621 -23.97644905872835 19.811373 21.588112 18.82848 11.897372 2.3160899 29.41765 0.5139493 2.6400728 6.5278897 0.6655028 0.76010054 0.85775805 675.40546 277.25006 102.38406 0.0 0.0 0.0 0.021882849 0.022160614 0.022713378 0.089415826 0.03969013 0.047276765 0.9979052 0.996244 0.9546145 19.0 20.0 41.0 0.3337195409049112 True 0.0512701552506157 
197.0850026818151 -24.16532618869281 19.811705 21.617483 18.791967 11.893741 2.2542737 30.423765 0.7979505 4.2100554 10.769171 0.67635864 0.7684306 0.86300355 436.41043 163.24355 24.095196 0.0 0.0 0.0 0.017129734 0.019702822 0.020091701 0.0043403995 0.004383672 0.0028263745 0.9993502 0.99908984 0.9990219 4.0 4.0 3.0 0.3205708372367527 True 0.2368211355310036 
197.8670716158312 -24.01199244659482 19.81256 20.479898 19.370071 11.884371 6.427483 17.863707 1.0967008 2.027792 3.048027 0.67499864 0.7673894 0.8623493 342.55417 194.01636 0.84186196 0.0 0.0 0.0 0.017508294 0.020433586 0.021903433 0.008034275 0.011906572 -0.0055274735 0.99759746 0.9970552 0.9964654 4.0 6.0 1.0 0.3347285855817627 True 0.8919614326295915 
197.9394203963676 -24.3924961508496 19.817541 20.682873 19.263954 11.829971 5.331515 19.697811 1.0582483 2.3481221 3.9098039 0.6788113 0.77030647 0.86418134 214.36505 120.45622 5.041692 0.0 0.0 0.0 0.0072223917 0.009107826 0.011838992 0.030356277 0.016028095 0.010376594 0.9991442 0.99859375 0.9981235 2.0 2.0 2.0 0.3228305792366709 True 1.0320953829883373 
197.85605337968 -23.95503949591128 19.818407 21.048706 18.95985 11.820539 3.8064256 26.065119 1.433039 4.450184 9.812967 0.6695324 0.7631977 0.8597113 2050.4995 952.532 261.44318 0.0 0.0 0.0 0.001966153 0.0025037008 0.004096545 0.00019434835 0.00014553143 0.0001453026 1.0 1.0 1.0 19.0 22.0 40.0 0.3292196958517548 True 0.8835153500264777 
197.2692837514238 -23.99211311242975 19.819468 20.553421 19.312464 11.808999 6.0066404 18.837128 1.5018313 2.9525862 4.7098184 0.66547 0.76007533 0.85774213 140.58736 70.12004 6.1375675 0.0 0.0 0.0 0.009028729 0.010084677 0.011607596 0.0 0.0 0.0 0.99562097 0.9948566 0.98677737 2.0 2.0 2.0 0.4276935473589869 True 0.3462781357883414 
197.1927176055134 -23.79316503749928 19.821564 20.380905 19.45303 11.786228 7.041054 16.549635 0.95466685 1.5980452 2.2438955 0.6461853 0.745167 0.84829056 604.5718 297.10767 101.4203 0.0 0.0 0.0 0.021269761 0.00076120195 0.0014482758 0.025808029 0.016603675 0.01497509 0.9444444 0.9999999 0.97619057 17.0 20.0 41.0 0.4521166594167346 True 0.3500849031461174 
197.2369938832101 -23.76500014486158 19.82378 21.079433 18.992483 11.762184 3.7002149 25.293388 0.9814367 3.1197755 6.708761 0.64601606 0.7450355 0.8482068 980.5049 435.1229 178.4232 0.0 0.0 0.0 0.0016792613 0.0019676762 0.002784152 0.047456924 0.07570019 0.0066137505 0.9444444 0.9000007 1.0000001 17.0 18.0 42.0 0.4653991881473417 True 0.3993065478819877 
197.6296541747423 -23.87905339935086 19.824291 21.105345 18.995846 11.756639 3.6129484 25.215155 1.2581499 4.0940566 8.780763 0.66367364 0.7586926 0.856869 1659.9315 732.58765 264.95633 0.0 0.0 0.0 0.0029940356 0.0036791584 0.0047840555 0.001024219 0.0028942574 0.0042171204 0.9987889 0.99978656 0.99970174 17.0 20.0 41.0 0.4018785102746195 True 0.6873965585999876 
197.1522356649703 -23.79402034009966 19.825415 21.225279 18.966625 11.744498 3.2351081 25.902971 0.92321366 3.351567 7.392018 0.64411753 0.7435599 0.84726673 972.58984 441.77478 159.22903 0.0 0.0 2304.0 0.0012107638 0.0015151273 0.0068893274 0.011637398 0.012968999 0.011610317 0.9444452 0.99999994 0.9999959 17.0 20.0 41.0 0.4521166594167346 True 0.3211706435430403 
197.3719663926312 -24.34869805066014 19.829473 20.443266 19.4501 11.700674 6.6480417 16.594332 1.2400198 2.1824574 3.0952425 0.693056 0.7811583 0.8709701 273.23325 176.40073 0.9117325 0.0 0.0 768.0 0.0076642274 0.010593652 0.016821826 0.014255304 0.004178711 0.0064917966 0.99729496 0.9957663 0.99233454 3.0 7.0 1.0 0.3676987734934265 True 0.5558639547426093 
197.1620791261152 -24.10463381431729 19.829962 21.394842 18.954794 11.695413 2.7673423 26.1868 1.2685959 5.3613725 12.004466 0.67941046 0.7707644 0.8644687 1969.4236 806.35175 319.80484 0.0 0.0 0.0 0.0006105242 0.00078118284 0.0011193311 0.005197964 0.002011721 0.003480953 0.99999976 0.9999991 0.99999857 18.0 20.0 42.0 0.3719152454612099 True 0.2659007689963184 
197.263999433116 -24.29893774512957 19.830189 21.02734 18.965322 11.692952 3.8820765 25.934092 0.8226227 2.477769 5.495506 0.6911269 0.779693 0.87005585 270.37918 150.8158 10.827765 0.0 0.0 0.0 0.0017787974 0.003527981 0.0013662602 3.292338 2.0017 1.0304606 0.7582031 0.99998945 0.9999918 3.0 5.0 1.0 0.3523982531889879 True 0.4478985175780914 
197.4545021981257 -24.21390787690645 19.831234 20.584852 19.295553 11.68171 5.835249 19.132807 2.3055263 4.615483 7.559435 0.6810077 0.7719846 0.86523384 1448.8575 743.7355 233.61404 0.0 0.0 2048.0 0.03634621 0.0019530361 0.002899232 0.0007691739 0.0011956448 0.0014635082 1.0 1.0000001 1.0 18.0 22.0 41.0 0.3954942794897608 True 0.5544867372386674 
197.2818103621601 -23.84342438295194 19.833443 20.519085 19.256268 11.657963 6.1996293 19.83779 1.28179 2.410315 4.1015162 0.65332973 0.75070673 0.8518123 923.1406 436.86533 156.97153 0.0 0.0 0.0 0.00068677287 0.0008402845 0.0011257194 0.0035021098 0.0010753857 0.029130057 1.0 1.0000001 1.0 18.0 20.0 43.0 0.4522325744942939 True 0.3936600948230698 
197.3367522116311 -24.1154202245861 19.833876 20.843962 19.111696 11.653327 4.596375 22.663223 1.4752587 3.7402678 7.274019 0.67051786 0.76395416 0.8601879 1580.617 707.2443 259.16858 0.0 0.0 0.0 0.0038218405 0.003461552 0.007260207 0.010866907 0.010736682 0.0056866286 0.9999385 1.0000001 1.0000001 18.0 20.0 41.0 0.4037246935010188 True 0.4212825621667165 
197.769199107479 -24.26138951977232 19.835594 21.430904 18.824112 11.634887 2.6769376 29.536266 0.7087893 3.0806408 7.8204994 0.66867393 0.76253843 0.85929585 317.31824 156.21475 1.1876692 0.0 0.0 0.0 0.009734089 0.010064375 0.012749356 0.029031008 0.018576927 0.006413521 0.99889827 0.99868613 0.9980569 2.0 2.0 1.0 0.3647298151565468 True 0.8414190446630396 
196.9397873060317 -23.98541346444086 19.838787 21.692028 18.815182 11.600718 2.1046915 29.780157 0.7619607 4.1998034 10.781299 0.66738933 0.76155126 0.85867345 238.12491 81.10518 21.735952 0.0 0.0 0.0 0.030395659 0.030907515 0.03138899 0.04253532 0.03049546 0.01569944 0.73824346 0.97937953 0.65560955 3.0 2.0 2.0 0.3337195409049112 True 0.0505319822392718 
196.9689498282591 -23.68741845293461 19.838856 20.68471 19.110899 11.599998 5.3225064 22.679863 1.4731779 3.2106793 6.2773943 0.67530364 0.76762295 0.8624961 1395.809 634.47406 236.16713 0.0 0.0 0.0 0.0024061685 0.00292221 0.0038110607 0.099647805 0.08009298 0.0975948 0.99999994 0.9999999 1.0 19.0 20.0 43.0 0.4372024484865142 True 0.3290572418527479 
196.9574013755618 -23.6383075972425 19.83893 21.418478 18.941324 11.599206 2.7077525 26.513695 0.9502976 4.070792 9.305097 0.68491465 0.77496517 0.86710083 1284.0117 512.6941 202.42152 0.0 0.0 0.0 0.0009974072 0.073749386 0.0066067213 0.24051245 0.25781083 0.29445028 0.94736975 0.9999998 0.95351046 18.0 20.0 41.0 0.4360860318603787 True 0.3752867368896074 
197.7266111621528 -24.05068505717547 19.841223 20.386364 19.399866 11.574737 7.0057507 17.380165 2.4200115 3.9982862 6.003668 0.6653807 0.7600066 0.8576988 1616.5321 863.7238 267.85895 0.0 0.0 0.0 0.049773894 0.001672941 0.03865189 0.17299092 0.22472328 0.21742208 0.9999905 0.99998885 0.9999834 18.0 21.0 41.0 0.3784791796609061 True 0.7648050352742275 
197.7184173272077 -23.85673854087603 19.844036 20.450506 19.663546 11.544767 6.603852 13.632695 0.22953299 0.40126657 0.47383758 0.6599604 0.7558305 0.85505944 159.1658 73.8683 23.919937 0.0 0.0 1024.0 4.8014987e-05 0.00048950315 0.004525596 0.41658792 0.5998718 1.3946264 0.99999994 1.0 1.0 17.0 20.0 41.0 0.3743729945488895 True 0.7712613997446288 
197.7224896769013 -24.00341752331119 19.844255 20.58302 19.260632 11.542438 5.845107 19.758202 2.323756 4.5887623 7.8549867 0.66238487 0.75769985 0.8562417 1825.7953 900.8687 297.45523 0.0 0.0 0.0 0.00023891534 0.00013275903 0.02626205 1.2490857 1.8169507 1.6724733 1.0 1.0 1.0000001 18.0 21.0 41.0 0.3640835135829712 True 0.7598993782138447 
197.7089735928148 -24.19431547715305 19.846245 20.805422 20.619184 11.521306 4.7624574 5.653612 0.10056964 0.24329744 0.11938832 0.6790326 0.7704757 0.8642875 38.891262 20.274359 0.0858583 0.0 0.0 2048.0 0.051095057 0.07858205 0.053830836 0.24962118 0.3456372 2.1235662 1.0 0.9999999 1.0 4.0 6.0 1.0 0.3752278624714648 True 0.7702574159710347 
197.5313145318405 -24.17813426031977 19.848188 20.61024 19.533447 11.500718 5.7003746 15.368122 0.8581669 1.7313838 2.3136048 0.68225086 0.7729336 0.86582863 867.9069 418.57883 127.01584 0.0 0.0 0.0 2.6741662e-07 0.0010390289 1.236084e-05 1.0863247 1.6124488 2.580823 1.0000002 0.99999994 1.0 18.0 22.0 41.0 0.3960985163643606 True 0.6093052601302625 
197.145495423923 -24.32721471553483 19.848629 20.715149 19.296017 11.496038 5.1753616 19.12463 1.5786741 3.506711 5.8337097 0.6877957 0.7771596 0.86847335 355.00336 211.5912 23.191427 0.0 0.0 0.0 0.005218183 0.0060458966 0.0075973966 0.0014012244 0.0028463372 0.0053771148 0.999595 0.999537 0.9991679 4.0 5.0 3.0 0.3040717379130728 True 0.3946015119272081 
197.9351213680897 -24.33963818140757 19.849506 20.407469 19.593473 11.486764 6.870881 14.541543 0.84563637 1.4137379 1.7897061 0.6831828 0.7736446 0.86627406 126.19769 73.43497 2.171249 0.0 0.0 2048.0 0.028406193 0.032869946 0.029047426 0.0003492626 0.0005588836 0.00046409792 0.9992373 0.9991447 0.9990867 2.0 2.0 1.0 0.3216987697700034 True 1.0099120235623549 
197.510886932238 -24.39282373762753 19.851154 21.455536 18.994234 11.469345 2.6168919 25.252602 0.99171466 4.346499 9.569894 0.68603015 0.7758152 0.8676327 547.2392 396.91376 1.6650045 0.0 0.0 0.0 0.022792647 0.0361292 0.0300302 0.016016472 0.0020390071 0.00069938053 0.74132526 0.9791567 0.98246855 3.0 8.0 1.0 0.3728586945652968 True 0.6845749163910336 
197.7180899137085 -23.852671551489 19.851725 20.999882 19.063076 11.463304 3.9815037 23.701153 0.18768534 0.54037225 1.117256 0.6601863 0.75600487 0.8551697 66.800316 30.139803 9.96161 0.0 0.0 1024.0 0.098521605 0.10095621 0.10093747 2.8956578 1.8832709 1.4571252 0.9673355 0.9676883 0.967559 17.0 20.0 41.0 0.3559761477743416 True 0.7717795973494846 
197.8597521440307 -24.23922044784539 19.85221 21.210535 19.047775 11.458202 3.2793388 24.037525 1.2391342 4.3296075 9.082843 0.67989683 0.7711361 0.8647018 231.60847 111.25291 7.732933 0.0 0.0 0.0 0.002610121 0.0035703655 0.0031916401 9.871256e-07 2.591719e-05 4.242699e-05 0.9983442 0.9976594 0.9971004 1.0 1.0 1.0 0.3444869164078439 True 0.9148135538653804 
197.763839215851 -23.72910061817395 19.852318 21.137402 19.026176 11.457053 3.507834 24.520525 0.5640833 1.842371 3.943065 0.67191505 0.76502615 0.8608628 693.8741 309.93042 107.27467 0.0 0.0 0.0 0.008429112 0.014737136 0.009354782 0.0067255176 0.00704716 0.011647336 0.9993876 0.98688346 0.9992945 17.0 20.0 42.0 0.3271586129175393 True 0.8452070030186596 
197.2821554444494 -23.93686106087515 19.852621 20.384346 19.433084 11.453845 7.0187798 16.856443 1.3470602 2.1982481 3.235127 0.6595573 0.75551957 0.85486263 872.73663 420.074 143.32068 0.0 0.0 2048.0 0.003166499 0.0023119298 0.023260443 0.00011822329 0.0002112043 0.00037194273 0.9999997 1.0 1.0000001 18.0 20.0 43.0 0.439442860912662 True 0.3647684448643944 
197.1468957836726 -24.29320370526197 19.852968 21.717623 18.791086 11.450191 2.055658 30.448471 0.9141724 5.092019 13.540751 0.68331194 0.77374315 0.8663358 534.2239 266.22073 23.08773 0.0 0.0 0.0 0.011155135 0.012664055 0.010948185 0.003986053 0.0015550872 0.00031213416 0.9982872 0.99778193 0.9986514 3.0 5.0 1.0 0.3286412000926486 True 0.3684995860818189 
197.4054545299858 -23.79796772627797 19.853092 20.91321 19.123571 11.448874 4.312372 22.41669 1.2643511 3.3567135 6.572385 0.6585381 0.7547329 0.85436463 1213.7042 555.51447 220.98802 0.0 0.0 0.0 0.0042940853 0.006796007 0.0039619217 0.0012370691 0.0027793697 0.0051025376 0.99999326 0.99999183 0.9756022 16.0 18.0 40.0 0.4552554819821309 True 0.5152931935993952 
196.8743018724825 -23.87175248910281 19.853258 20.278385 19.462004 11.447138 7.7383094 16.4134 3.6123092 5.343622 7.6619163 0.6572223 0.75371677 0.853721 1900.0807 944.76337 367.04285 0.0 0.0 0.0 0.00046729582 0.00038074315 0.011151419 0.000433365 0.0012474527 0.0018799218 1.0 0.99999994 1.0 18.0 20.0 42.0 0.3547189206429427 True 0.1376649114422459 
197.7642183646414 -24.56185738362069 19.854177 20.256298 19.554508 11.43744 7.8973446 15.072895 2.180539 3.1579957 4.1617827 0.71243834 0.79580796 0.88006914 323.0476 303.1845 12.168014 0.0 0.0 0.0 0.0024711299 0.003472637 0.004975706 0.0010683337 0.0015981101 0.0014719801 0.80845577 0.9885188 0.99662524 2.0 6.0 4.0 0.3432740172060664 True 0.9710259327720308 
197.9043971215788 -24.80312210877914 19.854235 20.456154 19.412405 11.436833 6.569594 17.180576 1.9315152 3.362524 5.0512323 0.73714423 0.8142941 0.8914464 639.39197 391.72308 9.182848 0.0 0.0 0.0 0.0019647405 0.059718437 0.0040711015 0.0017556987 0.0055463496 0.006889865 0.99940723 0.99914736 0.66874486 4.0 7.0 2.0 0.3152328686173899 True 1.220174905905817 
197.3543043904755 -24.44407964136752 19.854721 20.880928 19.179588 11.431719 4.4425173 21.289467 1.7499856 4.5031548 8.386295 0.69026655 0.7790391 0.8696476 609.2109 387.72427 4.1235127 0.0 0.0 0.0 0.00088953064 0.0013638342 0.003011869 0.086766824 0.05649727 0.11063474 0.7507686 1.0 0.6687626 3.0 7.0 2.0 0.3323795984860426 True 0.6074800702254376 
197.4048933748704 -24.426754849442 19.85641 20.928946 19.015999 11.413951 4.2503195 24.751444 0.9209276 2.47309 5.3629584 0.6915506 0.780015 0.8702568 346.21863 211.76047 2.1701717 0.0 0.0 0.0 0.005645668 0.008431865 0.012683822 0.028879948 0.034537535 0.028448764 0.9998722 0.9997989 0.9996955 3.0 7.0 2.0 0.3498261017645167 True 0.628907929734276 
197.3266765257061 -23.89003231445201 19.857738 20.898819 19.132566 11.399987 4.3699055 22.231728 1.8128092 4.729164 9.222598 0.65536255 0.75227946 0.85281 1739.2533 773.1682 295.37064 0.0 0.0 0.0 0.001233828 0.006255468 0.0017559683 0.004593061 0.0061799716 0.0071882834 1.0000001 0.99999994 1.0000001 18.0 20.0 42.0 0.4454410909973144 True 0.415587056711628 
197.3008692833453 -23.91937397106063 19.8611 21.10933 18.888525 11.364762 3.5997193 27.83491 1.2202884 3.8526027 9.435907 0.6576399 0.75403935 0.8539254 375.2318 175.21983 9.80321 0.0 0.0 0.0 0.03336607 0.015328623 0.012793602 0.019435761 0.019108497 0.011500983 0.9935871 0.9912583 0.99059844 3.0 4.0 2.0 0.439442860912662 True 0.3852154560918385 
197.3804683904725 -24.40366262680019 19.862883 21.858778 18.76544 11.346103 1.8050494 31.176237 0.50759 3.1905875 8.766932 0.69193614 0.7803079 0.8704396 382.49872 204.42004 2.075752 0.0 0.0 0.0 0.044725373 0.048748508 0.047626704 0.0072465176 0.007610507 0.008527934 0.99719375 0.9969022 0.9967833 3.0 7.0 2.0 0.3498261017645167 True 0.5968934174866262 
196.998014337615 -23.84674709020883 19.863148 20.790638 19.19963 11.343336 4.8277545 20.900076 1.0760404 2.5282743 4.658341 0.6538923 0.75114214 0.85208863 702.0625 315.93094 116.96676 0.0 0.0 0.0 0.044913564 0.047819328 0.045274388 0.009969959 0.012879409 0.02554285 1.0 1.0 1.0 18.0 20.0 42.0 0.3871287529841779 True 0.1892588974083154 
197.2199841593932 -23.91335321916898 19.864338 21.23302 19.024714 11.330917 3.2121174 24.553549 1.1835036 4.174873 9.046747 0.66024303 0.7560486 0.8551974 1722.1753 741.3301 278.9206 0.0 0.0 0.0 0.0010825774 0.019053707 0.0018282731 0.00033737737 0.0006751002 0.001007828 0.99700373 0.99975145 1.0 18.0 20.0 43.0 0.4308750141067357 True 0.3155697356726389 
198.0042039511693 -24.21430511254731 19.865158 20.422506 19.462706 11.322359 6.776379 16.402792 1.6404771 2.7410023 3.9709117 0.69068635 0.7793582 0.8698468 240.23822 148.501 4.420066 0.0 0.0 0.0 0.0031072919 0.0043380135 0.004260881 5.829875e-05 0.00013568337 0.0001014091 0.99895144 0.9987881 0.9983473 2.0 2.0 1.0 0.302783511831813 True 1.0378127282200726 
197.7491665892181 -23.90254299817387 19.86842 20.511902 19.393663 11.288396 6.2407804 17.479723 1.9103917 3.4555385 5.350792 0.6609823 0.75661874 0.8555581 1056.7706 478.40582 229.73756 0.0 0.0 0.0 0.0013869075 0.0016582194 0.0023835448 0.0005029374 0.00018758711 0.00047377642 0.9374999 0.94117635 0.99999994 15.0 16.0 41.0 0.360598612486915 True 0.7913901533904206 
197.5721850285764 -24.24991842506518 19.87023 21.55904 18.791641 11.269594 2.3789413 30.432905 0.6448414 3.0547626 8.249214 0.68063515 0.7717001 0.8650555 1150.7316 548.8942 141.19211 0.0 0.0 0.0 0.053025868 0.023484053 0.029080955 0.011553265 0.0066861683 0.0045646424 0.9980913 0.9952147 1.0 19.0 23.0 41.0 0.3886090300113386 True 0.6677113446801526 
197.5489669484707 -24.30106377990266 19.871103 20.748632 19.31866 11.260522 5.0181885 18.729923 1.0712563 2.4038365 3.998365 0.6818228 0.77260685 0.8656239 1210.4774 582.5171 170.24194 0.0 0.0 0.0 0.002320622 0.0028717236 0.0037591113 0.012903264 0.023033885 0.03053509 0.9997096 0.9996762 0.999502 18.0 21.0 40.0 0.3847730380605394 True 0.6687144940648577 
197.4531053572884 -24.23504546389269 19.871584 21.008844 19.07228 11.255542 3.9487758 23.501055 1.1409609 3.2521808 6.790405 0.68217844 0.7728783 0.865794 1253.8735 608.1919 208.3744 0.0 0.0 0.0 0.054558247 3.7053993e-09 0.00012561741 0.023262817 0.026805833 0.023848528 1.0 0.909091 0.99999994 17.0 20.0 40.0 0.3954942794897608 True 0.561487903428641 
197.4857836430941 -24.20103507050448 19.873337 21.545233 18.976957 11.237379 2.4093885 25.65767 0.7645875 3.5660334 8.142121 0.6811278 0.77207625 0.86529136 1193.2742 525.1843 158.42139 0.0 0.0 0.0 0.0052060853 0.0075520803 0.007555841 0.040790845 0.02401326 0.024791403 0.9999994 0.99999934 0.9999995 18.0 22.0 40.0 0.4028000841485656 True 0.5767053501448168 
197.5784321442365 -24.68951280167765 19.873587 20.487799 19.505198 11.234804 6.3808746 15.773255 1.412654 2.4872596 3.4920218 0.7250674 0.80528337 0.8859151 236.23483 168.15332 9.447394 0.0 0.0 0.0 0.0040462655 0.0056722797 0.0070386487 0.037430625 0.029135492 0.01816463 0.99825025 0.9973777 0.9964999 2.0 5.0 4.0 0.3255995621905965 True 0.926487497353708 
197.1624017995808 -24.30432274829911 19.873652 21.035803 19.131742 11.234135 3.8519335 22.248627 1.361749 3.9715312 7.8654127 0.6857368 0.7755916 0.8674929 456.88177 246.27472 19.29841 0.0 0.0 0.0 0.0035477844 0.0046503004 0.0023831956 0.015924608 0.014080133 0.0021373567 0.9998725 0.83319294 0.9998584 4.0 5.0 1.0 0.3286412000926486 True 0.3861043035163103 
197.9638314827135 -24.77174976228771 19.874125 20.827414 19.113733 11.229238 4.6669664 22.620726 1.7920761 4.311933 8.686169 0.74102503 0.81717944 0.8932118 651.97314 361.83868 10.093258 0.0 0.0 0.0 0.0035410183 0.003834794 0.005423428 9.258427e-05 0.0002232483 0.00035675894 0.99999994 0.99999994 1.0000001 3.0 4.0 3.0 0.3055181666921939 True 1.2423614739768525 
197.447890995544 -23.80027586162786 19.87453 21.420706 18.946522 11.225042 2.7022004 26.387096 0.9459722 3.929604 9.237457 0.66363454 0.75866246 0.85684997 1417.6111 600.1741 213.53969 0.0 0.0 0.0 0.0024998265 0.031717382 0.016905056 0.003972075 0.0034780449 0.0030843958 0.9996566 0.99960726 0.9809358 17.0 20.0 40.0 0.4446429693517961 True 0.5500211224753737 
197.4545141905241 -23.79322922771993 19.874994 20.522532 19.679764 11.220239 6.1799808 13.43056 0.10844845 0.19689664 0.23568411 0.6642741 0.7591549 0.85716105 40.527267 19.614117 6.1529617 0.0 0.0 1.0 0.20812678 0.2055457 0.208482 0.28572324 0.40301916 0.6564103 0.78916407 0.7886183 0.78830284 17.0 20.0 40.0 0.4446429693517961 True 0.5583055798769662 
197.3953508181531 -23.70978911687757 19.877075 20.546759 19.359362 11.198765 6.0436144 18.040785 2.497055 4.6270213 7.453956 0.66268456 0.7579308 0.8563876 1708.4315 834.1912 318.0786 0.0 0.0 0.0 0.0019657267 0.0023335847 0.0036510567 0.00017500321 0.0003262619 0.00031877132 0.9999999 1.0 0.99999994 17.0 20.0 42.0 0.4599471310354495 True 0.5494127988303517 
197.2895400984312 -24.31443239618688 19.877333 20.620155 19.319166 11.196107 5.6485634 18.721184 2.0734806 4.109879 6.872192 0.6927696 0.7809409 0.87083447 399.32016 266.15735 20.513502 0.0 0.0 0.0 0.0047397944 0.004361432 0.0026081156 2.7911343e-05 3.1481588e-05 1.0869366e-05 0.99907625 0.99884415 0.998951 3.0 5.0 1.0 0.3523982531889879 True 0.4757195886995979 
196.8037582363863 -23.72753563556216 19.87782 20.309605 19.541584 11.191084 7.518965 15.253379 1.4021318 2.0869062 2.8444405 0.67750305 0.7693062 0.8635534 885.57495 402.89093 148.54904 0.0 0.0 0.0 0.0028675846 0.0397474 0.0050857835 0.00698353 0.011608684 0.016551733 0.9587361 0.9959417 0.97133654 18.0 20.0 42.0 0.3763722851908898 True 0.2920605654654278 
196.8455146520867 -23.93784767168868 19.878874 20.362597 19.630474 11.180223 7.160801 14.054329 2.424893 3.786007 4.759278 0.6550307 0.75202286 0.8526473 1356.8405 651.9802 246.21823 0.0 0.0 0.0 0.0043704617 0.0022819655 0.0029773565 0.0077021234 0.00966334 0.013292433 0.9995335 0.99943346 0.9992556 18.0 20.0 42.0 0.3288890040539978 True 0.0818897828873276 
197.0284888323972 -23.78674663469835 19.879375 20.328423 19.540216 11.175067 7.389777 15.272605 2.0011559 3.0262144 4.13583 0.65108234 0.74896634 0.8507071 1265.3496 613.6391 228.51491 0.0 0.0 0.0 3.8762605e-07 0.00078013923 0.00032671896 0.49600866 0.770982 0.97886086 0.9999991 1.0000001 0.97674423 18.0 20.0 42.0 0.413734068066321 True 0.255104130414596 
197.6214492474306 -24.51577724611506 19.879515 21.784359 18.710403 11.173625 1.9331101 32.797344 0.8739555 5.051575 14.82762 0.71276265 0.796052 0.88022006 263.9659 121.58476 19.122137 0.0 0.0 0.0 0.008662626 0.009043278 0.01098301 0.0058181123 0.0026679747 0.003126775 0.9964099 0.99532235 0.99446136 1.0 1.0 4.0 0.3497377243511759 True 0.8383850462252851 
197.6243853255991 -24.21669835416419 19.879562 20.818945 19.143652 11.173136 4.703513 22.005917 0.7879696 1.8718117 3.6866047 0.6820967 0.7728159 0.8657549 592.18787 340.9304 113.23003 0.0 0.0 0.0 0.16387458 0.06455603 0.02333325 0.09028054 0.0677451 0.04303594 0.9998837 0.9998654 0.99985427 17.0 20.0 41.0 0.3888067956849634 True 0.7018243586877234 
197.6363682176793 -24.44325799147377 19.880795 20.953783 19.091312 11.160466 4.1541977 23.092722 1.5753729 4.232321 8.757322 0.67560875 0.76785654 0.8626429 399.2673 224.61302 12.587564 0.0 0.0 0.0 0.0025994855 0.0043122433 0.005937761 0.029379971 0.025502115 0.01801141 0.9996389 0.9995356 0.99907064 2.0 3.0 3.0 0.3618785830388715 True 0.8080661242208109 
197.3873260901936 -24.20358249738663 19.881441 20.728758 19.259935 11.153812 5.110896 19.770882 1.7907317 3.90802 6.927228 0.6789731 0.77043015 0.86425894 1626.6068 810.93445 255.35454 0.0 0.0 0.0 0.054582328 0.0028196687 0.0042343717 0.00013669072 0.00012780324 0.00015694991 0.9999797 0.99997646 0.99996096 19.0 22.0 42.0 0.3870302739390041 True 0.4938351047524841 
197.8611320508795 -24.55156616567 19.881657 21.030659 19.095612 11.151604 3.8702288 23.001469 1.0102994 2.911058 6.0043926 0.6989531 0.7856295 0.8737551 450.2296 242.11366 6.4505706 0.0 0.0 0.0 0.0038334785 0.006049829 0.007925258 0.023488143 0.005660365 0.001770742 0.9999809 0.999973 0.6666463 3.0 4.0 2.0 0.3302969276463723 True 1.039586431752768 
196.8025684763871 -23.88318220379593 19.884998 20.967995 19.055395 11.117339 4.100172 23.869415 1.3488607 3.6573446 7.8524795 0.6574143 0.7538651 0.853815 1627.521 723.7671 267.21884 0.0 0.0 0.0 0.043489095 0.0003164952 0.006838145 0.0050927936 0.009393717 0.013479366 1.0000004 1.0 0.9999995 18.0 20.0 42.0 0.3234795019943931 True 0.1490088800751389 
197.5329359409267 -24.52441197310786 19.88501 21.419197 19.008514 11.117215 2.7059603 24.922647 0.8388279 3.4462554 7.725838 0.7181794 0.80012214 0.8827346 458.2918 259.21417 11.035888 0.0 0.0 0.0 0.04258949 0.042851005 0.05236896 0.015929459 0.01188253 0.005727913 0.98225677 0.98115885 0.95952374 3.0 6.0 4.0 0.3442267178716395 True 0.7812200189818326 
197.8203719587614 -24.57048441341674 19.885664 21.368532 18.871885 11.110526 2.8352244 28.264805 0.8397093 3.290608 8.371196 0.7064388 0.7912874 0.8772693 154.55104 76.51784 10.830723 0.0 0.0 0.0 0.014394977 0.01589085 0.017988928 0.00094241294 0.0015791489 0.0025201368 0.50000006 0.66666675 0.99999994 1.0 2.0 4.0 0.3345599734998733 True 1.0183370582560218 
197.1524701289373 -24.31421178985994 19.885685 21.08504 19.091774 11.110308 3.6811552 23.08291 1.2465928 3.7624137 7.8168364 0.6865492 0.7762105 0.86788 403.70425 228.6546 24.361156 0.0 0.0 0.0 0.007725103 0.007575165 0.0055700457 0.0079145795 0.023698227 0.031022597 0.9989137 0.99871624 0.99860716 4.0 5.0 2.0 0.3040717379130728 True 0.3880732965997742 
197.2075193286998 -24.11033204337211 19.886776 20.975243 19.19678 11.099147 4.072895 20.955019 0.9404126 2.5627413 4.8384166 0.67717713 0.76905686 0.8633969 1113.1659 514.1208 185.58348 0.0 0.0 0.0 0.044369843 0.0035307098 0.003809431 0.000750064 0.0015831336 0.0023888357 0.9994918 0.99940073 0.9991827 18.0 20.0 42.0 0.3926846098455305 True 0.3068187967827024 
197.3308528995414 -24.27708553893117 19.889711 21.653795 18.826937 11.069176 2.1801293 29.459482 0.6337678 3.2178307 8.563928 0.6917773 0.7801872 0.87036425 1236.7931 565.25305 164.76593 0.0 0.0 0.0 2.4390916e-05 8.992073e-05 0.004546359 0.047968302 0.03863636 0.03625861 0.95 1.0000006 0.9761905 19.0 23.0 41.0 0.3717270013381095 True 0.4835161491718061 
197.2679573644842 -24.15761149945087 19.88975 21.179005 19.054626 11.0688 3.3759644 23.886318 0.98015726 3.213649 6.9350104 0.67712164 0.7690144 0.86337024 196.83313 87.4959 7.7289824 0.0 0.0 0.0 0.008097842 0.010349038 0.013931331 0.0 0.0 0.0 0.99657166 0.9956419 0.992883 2.0 2.0 2.0 0.3912872553712672 True 0.3755029516596772 
197.9687506508857 -24.84212702463991 19.89017 21.066654 19.096231 11.064505 3.7440188 22.988327 1.1247721 3.3239808 6.9061165 0.7486948 0.8228673 0.89668405 345.53174 186.66658 12.847987 0.0 0.0 0.0 0.00446296 0.0067179217 0.0073884916 0.00019919407 0.00021066102 0.0001616948 0.9993114 0.9988931 0.90281373 2.0 3.0 4.0 0.3010513136875637 True 1.2902176685168518 
197.8476762471652 -24.77666586800279 19.891071 20.926418 19.243542 11.055331 4.260223 20.071672 0.497336 1.2905931 2.3431556 0.72640765 0.8062857 0.8865317 254.78552 151.32272 4.395699 0.0 0.0 0.0 0.017243445 0.018874533 0.019378403 0.045913085 0.031359933 0.010822589 0.99956965 0.9994582 0.99938774 4.0 7.0 4.0 0.3216180837128936 True 1.1637041758795617 
197.4129152886248 -23.81108426352849 19.891361 20.629353 19.356806 11.052375 5.6009116 18.083298 1.6526306 3.2611642 5.33574 0.65890676 0.7550175 0.8545448 1274.8024 574.35895 229.5813 0.0 0.0 0.0 0.0038464894 0.0047841948 0.005932515 1.4669844e-05 4.7981186e-05 5.034647e-05 0.9649885 0.95261216 0.9985533 17.0 18.0 41.0 0.4446429693517961 True 0.5163622713647671 
197.6559101739675 -24.45355806834007 19.892351 21.045069 19.186829 11.042304 3.8191998 21.147951 0.82290596 2.379236 4.556655 0.6742085 0.7667842 0.8619688 243.37488 133.94357 6.407773 0.0 0.0 0.0 0.007170176 0.007989915 0.022304073 0.0 0.0 0.0 0.6655212 0.96440333 0.9955262 2.0 3.0 3.0 0.3618785830388715 True 0.8286558304414237 
197.6507453426952 -24.42720620047066 19.894903 20.527512 19.429396 11.016366 6.1517053 16.913836 2.2346642 4.0017977 6.144108 0.6668407 0.7611295 0.8584074 363.69275 229.40157 12.483898 0.0 0.0 0.0 0.0027250508 0.0047916346 0.0065012127 0.0006077928 0.0018129331 0.0029202257 0.9991296 0.9986349 0.99747384 2.0 3.0 3.0 0.3653772157715066 True 0.8107651865629069 
196.9953703710588 -23.82946681912653 19.896126 20.983418 19.170319 11.003982 4.0423427 21.471996 1.949754 5.30758 10.356646 0.65332437 0.7507026 0.8518097 286.15433 108.33628 14.380614 0.0 0.0 0.0 0.006461217 0.36052257 0.012009054 8.524528e-05 0.0001121981 0.0003566479 0.9980107 0.99716 0.99439096 2.0 2.0 2.0 0.413734068066321 True 0.2030849820893692 
197.245937570441 -24.12918565422406 19.896383 20.981087 19.15473 11.001376 4.0510254 21.782515 1.2794249 3.4745362 6.879515 0.67701066 0.7689295 0.8633169 1725.3119 667.0178 272.895 0.0 0.0 0.0 0.0016925051 0.0021552192 0.002867706 0.002579991 0.001693434 0.0012245233 0.9405087 0.9093497 0.9761925 17.0 18.0 41.0 0.3912872553712672 True 0.3462338072789881 
197.7381224907851 -24.86156787233358 19.896452 21.026148 19.07329 11.000677 3.88634 23.47926 1.7767566 5.0292892 10.734246 0.72761476 0.80718803 0.8870866 768.194 494.25882 20.377352 0.0 0.0 0.0 0.0037789592 0.005726272 0.005934634 0.0001359967 0.00021142374 0.00015110902 0.9992627 0.99889094 0.74146557 3.0 6.0 3.0 0.3033133838786586 True 1.1518987592054348 
197.5961483318226 -23.90256270465475 19.89936 21.704313 18.760242 10.971236 2.0810122 31.325851 0.35117146 1.8513995 5.2862473 0.6707166 0.76410675 0.8602839 738.49786 318.44556 120.01817 0.0 0.0 0.0 0.0064808293 0.0022005674 0.023804791 0.07949072 0.038249716 0.01828208 0.99977106 0.99973005 0.9759718 17.0 18.0 41.0 0.4018785102746195 True 0.65313690914093 
197.1561485752177 -23.79119675570623 19.899824 21.742243 18.88619 10.966564 2.009568 27.894846 0.93317235 5.0924845 12.95338 0.64436746 0.74375427 0.8473906 2059.196 874.06396 324.92905 0.0 0.0 2048.0 4.905478e-05 5.959794e-05 0.011728231 0.00063033064 0.00013508435 0.00021560612 0.9444448 1.0000002 1.0 17.0 20.0 41.0 0.4521166594167346 True 0.3257167890880033 
196.8808544046823 -23.94496447737158 19.900644 20.678923 19.39704 10.958282 5.350954 17.425472 1.5734057 3.2221966 5.1238227 0.65584177 0.7526499 0.85304487 1356.8622 623.166 228.25906 0.0 0.0 0.0 0.0009408544 0.0055219173 0.0023105142 0.0036541803 0.013118484 0.020582449 0.9999998 0.9999997 0.9999995 18.0 20.0 42.0 0.3288890040539978 True 0.0642662346248565 
197.8286840676581 -24.90484979026823 19.901356 21.78144 18.874067 10.95109 1.9383134 28.208073 0.7149756 4.0394716 10.404965 0.7322583 0.81065446 0.8892154 402.814 230.85194 15.264078 0.0 0.0 0.0 0.01634127 0.036047354 0.018204976 0.0 0.0 0.0 0.99249244 0.9911954 0.9904904 2.0 5.0 4.0 0.3034649082669022 True 1.2399640999319002 
197.5886934290625 -24.13018606142973 19.901592 21.72882 18.824772 10.948719 2.0345657 29.518269 0.5187361 2.791503 7.5260253 0.68335366 0.773775 0.8663557 881.1768 373.31027 131.47404 0.0 0.0 0.0 0.026579207 0.026289888 0.030084353 0.03751945 0.02759664 0.027924603 0.99962866 0.98980194 0.9980042 17.0 20.0 41.0 0.3946899018181472 True 0.6491479929304482 
197.8856362116259 -24.18931985402524 19.90165 21.07779 19.045326 10.948146 3.7058215 24.091806 0.74918574 2.2133272 4.8705096 0.68816215 0.7774384 0.8686477 345.15704 182.11032 3.4620578 0.0 0.0 0.0 0.005089142 0.0072551924 0.0056889104 0.01049154 0.013604455 0.011876084 0.9986829 0.99800044 0.9980599 3.0 4.0 1.0 0.3307955339528048 True 0.9267044816869974 
197.4150249424999 -24.15277942040016 19.903728 21.064241 19.058617 10.927198 3.752353 23.798704 1.8375423 5.351093 11.654321 0.6746206 0.76709986 0.86216724 544.7765 255.26132 11.522975 0.0 0.0 0.0 0.0044022063 0.11087408 0.0074619395 0.031238845 0.030975737 0.006858722 0.99823123 0.99769914 0.9964329 3.0 4.0 1.0 0.4011641055031938 True 0.5002436241796238 
197.4366790249116 -23.89217524288629 19.904095 20.667915 19.385883 10.923515 5.4054747 17.605423 0.8308805 1.6790637 2.706146 0.6620775 0.757463 0.8560919 782.24426 359.01974 123.76805 0.0 0.0 0.0 0.0024590795 0.0037434567 0.0033358787 0.04712517 0.053943537 0.090965286 0.9999306 0.9999149 0.9998946 18.0 20.0 42.0 0.4391059958261518 True 0.5122066690534064 
197.246807468158 -24.29603838317389 19.905518 20.489544 19.514156 10.909196 6.3706303 15.643627 1.5192634 2.6016173 3.7306812 0.69003135 0.7788603 0.8695359 236.00177 144.27292 10.746253 0.0 0.0 0.0 0.01645596 0.018307658 0.013556395 0.0136532 0.011824147 0.0062554074 0.74444044 0.9918355 0.9925683 3.0 5.0 1.0 0.3523982531889879 True 0.4341338688393364 
197.319536478918 -23.72986340535357 19.9068 20.46487 19.528854 10.896336 6.517056 15.433287 0.7798968 1.3039657 1.8469031 0.6538773 0.7511306 0.8520813 497.91776 222.74681 78.81052 0.0 0.0 0.0 0.017485565 0.03803498 0.017854508 0.27672076 0.25499848 0.22804925 0.9990024 0.9714286 0.97619045 17.0 19.0 41.0 0.4651610292959487 True 0.4808295051033421 
196.9349717178725 -24.07050451466075 19.90734 21.675934 18.944696 10.890911 2.136123 26.431458 0.8097145 4.1282873 10.019055 0.67716676 0.7690489 0.8633919 1534.2927 540.04895 275.96494 0.0 0.0 0.0 0.003781755 0.045032237 0.017440194 0.0011191501 0.0006829235 0.000563472 0.94716007 0.8997509 0.99963236 18.0 18.0 43.0 0.3078217958179819 True 0.0739687698644643 
197.2987661417905 -24.45913121687662 19.90895 21.810461 18.856915 10.874755 1.8871906 28.657242 0.6165698 3.5529244 9.362695 0.69143385 0.7799263 0.8702014 322.3762 165.55482 16.264734 0.0 0.0 0.0 0.050433926 0.05132594 0.0543493 0.00848723 0.0077734324 0.0062235896 0.968936 0.96844363 0.96778846 3.0 5.0 3.0 0.3101444893153404 True 0.5847780527896433 
197.8739380402385 -24.69244199704917 19.909035 20.97999 19.125265 10.873912 4.0551248 22.381758 1.8734317 5.0236506 10.340174 0.7126821 0.7959914 0.8801826 775.44135 424.10388 20.645073 0.0 0.0 0.0 0.0033474555 0.0052835704 0.0064546247 0.0 0.0 0.0 0.9979284 0.99689823 0.9954092 3.0 4.0 3.0 0.3212954714488536 True 1.128912790544664 
197.7490256273141 -24.21230556769991 19.909302 21.803318 18.90301 10.871245 1.8996476 27.466053 0.7042889 4.030483 10.182961 0.6758445 0.768037 0.86275625 605.1763 276.27783 1.5604278 0.0 0.0 0.0 0.0191364 0.02042329 0.025505694 0.00018922125 0.00016159865 0.00038219962 0.9895842 0.98803353 0.9861819 3.0 4.0 1.0 0.3752278624714648 True 0.8101484892209301 
197.1159609890777 -24.12835131324555 19.909496 21.80455 18.881207 10.869295 1.8974915 28.023157 0.90750664 5.19842 13.402537 0.6802084 0.7713741 0.8648511 2117.3267 854.84265 340.3068 0.0 0.0 0.0 0.0007603323 0.000872366 0.0011353175 0.02188317 0.010916248 0.007892551 1.0 1.0 0.9772916 18.0 20.0 42.0 0.347099468602166 True 0.2381255458087579 
196.9417262732807 -23.9371221961076 19.910065 20.890163 19.28646 10.863607 4.4048877 19.293709 1.2710183 3.1346643 5.567147 0.6624446 0.75774586 0.85627073 1380.0681 618.00085 223.41182 0.0 0.0 0.0 0.00068347924 0.0013202999 0.0020432416 0.021893589 0.02375947 0.014412235 1.0 1.0000001 1.0000001 18.0 20.0 42.0 0.3628869372358707 True 0.085368012167187 
197.9324012843547 -24.61983880004512 19.91093 20.42406 19.617567 10.854953 6.766681 14.22241 1.330862 2.134938 2.797245 0.7079756 0.7924466 0.8779879 277.80252 120.65522 4.703245 0.0 0.0 0.0 0.057157192 0.006185749 0.005906032 0.024118176 0.031558875 0.023457645 0.90764815 0.66534007 0.99531186 3.0 2.0 2.0 0.3210537583901716 True 1.1310217531922662 
197.1359099285535 -23.91145727698681 19.911192 20.550497 19.419077 10.852338 6.022834 17.075346 2.3319337 4.2018313 6.6112695 0.66097647 0.7566142 0.85555524 1266.6571 664.12823 259.977 0.0 0.0 0.0 0.003290214 0.0042587393 0.006851815 0.0005624045 0.00068989454 0.0009047668 0.944696 0.95226085 0.9998037 17.0 19.0 42.0 0.415427440760288 True 0.2442056212693125 
197.5316489011353 -24.55383823531469 19.911654 20.831581 19.29795 10.84773 4.649083 19.090612 1.2086734 2.8202038 4.9631968 0.7251612 0.8053535 0.88595825 322.32166 181.72375 8.620535 0.0 0.0 0.0 0.0026632522 0.0042632264 0.04447942 0.009114921 0.0048056757 0.006001293 0.9988777 0.998358 0.7552075 2.0 3.0 3.0 0.3442267178716395 True 0.8000930378280411 
197.5468488532255 -24.74565063018346 19.913475 20.949818 19.240404 10.829537 4.169392 20.129757 1.9949735 5.181725 9.6317 0.7251499 0.80534506 0.88595307 478.87793 340.24136 17.077282 0.0 0.0 0.0 0.004547188 0.006057273 0.23309177 6.235221e-05 7.180748e-05 7.879141e-05 0.9972832 0.9962868 0.9951748 2.0 5.0 4.0 0.3096007104936462 True 0.9500310147825765 
197.9905738062798 -24.36562262964985 19.914854 21.182253 19.094591 10.815801 3.3658817 23.023085 1.0188594 3.2739654 6.9691353 0.6836327 0.77398777 0.866489 146.93204 75.3173 6.758088 0.0 0.0 0.0 0.047485955 0.050545666 0.051678903 0.006962242 0.00878237 0.0042953673 0.9466817 0.94556427 0.94415194 1.0 1.0 2.0 0.3096783555643942 True 1.0663152884704292 
197.9688103041356 -24.79746949941258 19.91522 20.472933 19.578402 10.812147 6.468846 14.744827 2.5373354 4.2409487 5.7835 0.7458475 0.820758 0.8953976 372.3454 225.88512 12.628077 0.0 0.0 0.0 0.01857371 0.005846079 0.0053754966 0.001723662 0.010647343 0.033712298 0.99928135 0.4997236 0.912932 2.0 2.0 3.0 0.3055181666921939 True 1.2618705517688105 
197.54412998622 -23.9705070176611 19.915428 21.507404 18.958273 10.810071 2.494813 26.103031 0.8912884 3.8619692 9.32548 0.678406 0.7699967 0.8639869 1380.466 590.74677 211.72757 0.0 0.0 0.0 0.0077774394 0.008409653 0.00847789 0.004093577 0.0029333613 0.002722027 0.9996512 0.99961424 0.9995874 17.0 20.0 41.0 0.4197920208672253 True 0.5981674273142347 
197.8308153841566 -24.21873699768593 19.915787 21.18018 19.125639 10.806501 3.3723164 22.374033 0.8519666 2.7301052 5.6524734 0.6777783 0.7695167 0.8636856 439.64728 228.35341 5.8595796 0.0 0.0 0.0 0.0029246872 0.004351583 0.0054422994 0.007917835 0.008802195 0.007047934 0.99908054 0.99854016 0.9980821 3.0 4.0 2.0 0.3553470818077856 True 0.8841682297963828 
197.4928313939718 -23.83963262866587 19.917095 21.226223 19.09484 10.7935 3.232296 23.01784 1.9640154 6.558372 13.986154 0.6682838 0.76223874 0.8591069 2800.7488 1190.9867 479.80624 0.0 0.0 0.0 0.000543282 0.00063334656 0.005119403 0.00035375706 0.000562348 0.0007787132 0.99999994 1.0 0.99999994 18.0 20.0 42.0 0.4344176453844691 True 0.5754595268912772 
198.0526591352136 -24.75183943201335 19.917933 20.956863 19.24248 10.78517 4.142425 20.091297 1.0218316 2.6604288 4.9560156 0.7490499 0.82313013 0.8968442 464.4953 248.8068 6.7697105 0.0 0.0 0.0 0.004877426 0.0047867405 0.0055013825 0.017567987 0.016993424 0.005582525 0.9982367 0.99722964 0.99561965 3.0 4.0 2.0 0.3005261844464857 True 1.29581985561539 
197.5073247992133 -23.93681535337281 19.9183 21.350975 19.072838 10.781516 2.881441 23.489029 0.7524776 2.8155527 6.134072 0.67492634 0.767334 0.86231446 1268.4448 623.85284 222.92326 0.0 0.0 0.0 0.11671623 0.0024449534 0.0031931 0.08290101 0.052208375 0.05701632 0.99999994 1.0000001 0.9761907 18.0 20.0 41.0 0.4293359462389704 True 0.5678879678830958 
196.7333522428272 -23.76487504274031 19.918535 20.86038 19.260845 10.779182 4.527387 19.754301 1.0895149 2.5940082 4.753869 0.66724974 0.761444 0.85860574 993.86206 445.5112 164.0044 0.0 0.0 0.0 0.038533773 0.0038322895 0.004244822 0.0024204582 0.0051208045 0.02087089 0.9880335 0.93569833 1.0 18.0 19.0 42.0 0.3056709882292605 True 0.2829287802822012 
197.5797139757178 -23.81039076191712 19.918797 21.059616 19.129026 10.776595 3.7683735 22.304352 1.1304609 3.2328322 6.691003 0.66833866 0.7622808 0.8591334 1105.4062 472.86652 192.7883 0.0 0.0 0.0 0.0040845354 0.004869871 0.011976617 0.04914488 0.022247843 0.00073268777 0.99921757 0.9990879 0.99894744 17.0 18.0 41.0 0.4128892151879975 True 0.6599295619162299 
197.5240434837291 -24.07213009641831 19.91913 21.662102 18.902605 10.773271 2.1635125 27.47628 0.64747506 3.2241201 8.222836 0.678055 0.7697283 0.86381847 1002.6193 418.28763 173.57448 0.0 0.0 0.0 0.006434469 0.0066098315 0.010727111 0.017104128 0.004902092 0.0037154134 0.9993939 0.9467695 0.9993388 16.0 18.0 41.0 0.4125727546558188 True 0.5820808354959317 
197.4033896617823 -24.42451955625961 19.919802 20.703985 19.465197 10.76661 5.2288446 16.365198 1.6462158 3.3896902 5.1523137 0.69158983 0.7800448 0.8702754 511.0216 338.5434 3.5498748 0.0 0.0 0.0 0.0029393653 0.0048701344 0.0090697585 0.00017246841 0.0005414235 0.0012127904 1.0000001 1.0 1.0 3.0 7.0 2.0 0.3498261017645167 True 0.6263961592592562 
197.0226857810817 -24.13488234040733 19.921055 20.71471 19.417234 10.754194 5.177453 17.104334 1.4503642 3.012581 4.791451 0.6807572 0.7717933 0.865114 1249.3376 565.1635 209.44118 0.0 0.0 0.0 0.00076802383 0.0011661614 0.013506933 0.025262604 0.040542714 0.047579724 0.96740896 0.99999994 0.9999998 18.0 20.0 42.0 0.3169748890088196 True 0.1746290982093325 
197.7065513452098 -23.88934962849639 19.921677 21.032944 19.099941 10.748034 3.8620894 22.909925 1.0533334 2.9313834 6.248377 0.657974 0.7542974 0.85408884 1266.387 516.0052 199.67444 0.0 0.0 0.0 0.0031495353 0.09073161 0.0196013 0.019619795 0.017286152 0.015596095 0.9999999 1.0 1.0000001 17.0 20.0 41.0 0.3743729945488895 True 0.7548028457634799 
197.5612085064407 -23.70558929264164 19.922077 20.44963 19.487385 10.744081 6.609177 16.034157 0.928174 1.5088682 2.2517912 0.66788495 0.7619322 0.85891366 680.68854 321.67258 110.03415 0.0 0.0 0.0 0.005537395 0.0042929254 0.012553605 0.011134992 0.011948604 0.009439456 0.9998976 0.9998785 0.9998419 17.0 20.0 42.0 0.4099459870755159 True 0.6834042220569795 
197.2784625915421 -23.95952744701047 19.922796 20.981707 19.167265 10.736969 4.0487146 21.532469 1.7624388 4.673891 9.373261 0.6618495 0.75728726 0.8559809 1660.2938 762.1288 293.89545 0.0 0.0 0.0 0.012717514 0.007014902 0.0018010552 0.015102711 0.009948569 0.010628886 1.0 1.0 0.99999994 17.0 20.0 42.0 0.4276935473589869 True 0.3576532466948247 
197.8962047919605 -24.91407431298595 19.923328 21.67729 18.871944 10.731711 2.1334577 28.263245 0.75609064 3.8032844 10.016404 0.7321707 0.81058913 0.88917536 563.19775 313.42825 14.504221 0.0 0.0 0.0 0.023079384 0.023863455 0.024469435 0.006964627 0.006025593 0.002559132 0.9879167 0.9865842 0.9862446 3.0 6.0 4.0 0.3014267060166867 True 1.289821496893001 
197.7217727694545 -24.62857633934344 19.92351 21.611967 18.942003 10.729911 2.2657554 26.497145 0.5731684 2.7143466 6.702986 0.7210903 0.8023052 0.884081 245.16211 149.75385 6.294856 0.0 0.0 0.0 0.024876887 0.026837634 0.02644862 2.1417577 0.83893156 0.36608422 0.96272576 0.9627464 0.96104187 2.0 4.0 3.0 0.3394869887987048 True 0.9801982080019914 
197.1225895060859 -23.81875087853975 19.92382 21.150984 18.954607 10.726845 3.464225 26.191315 1.1623685 3.599231 8.788101 0.6446588 0.74398077 0.8475349 656.39795 231.16833 65.192795 0.0 0.0 0.0 0.020234011 0.0064066965 0.018267907 0.024179969 0.050118677 0.0372237 0.3668924 0.30435422 0.32947192 7.0 5.0 13.0 0.4374261610047875 True 0.2844978959516643 
197.5057217787484 -23.78448919396658 19.92442 21.282167 19.055704 10.720922 3.06996 23.862621 1.1065899 3.8644357 8.6014595 0.66759485 0.7617092 0.85877305 1436.8374 626.65546 223.97704 0.0 0.0 0.0 0.00769081 0.008503663 0.010207389 0.026781406 0.01230688 0.0051715435 1.0 0.99999994 0.97731715 17.0 20.0 40.0 0.4377618274518043 True 0.6049161279557519 
197.4906561095778 -24.18810168732364 19.925024 21.261116 19.019989 10.714961 3.130067 24.660624 0.9519329 3.2586918 7.4999223 0.68110067 0.7720555 0.86527836 1484.4724 687.0272 205.67288 0.0 0.0 0.0 0.036064073 0.0010063028 0.0023795327 0.12672776 0.080472454 0.04229896 1.0 1.0000001 1.0 18.0 22.0 40.0 0.4028000841485656 True 0.5767479109553206 
197.1839603696848 -24.21805016905421 19.92594 21.00707 19.067196 10.705927 3.9552326 23.611382 1.0404683 2.816314 6.2112384 0.67713785 0.76902676 0.86337805 274.64816 133.95648 6.48011 0.0 0.0 0.0 0.025794068 0.03407644 0.0060720956 0.49486658 0.6141428 0.6515708 0.9982197 0.9974733 0.99625295 3.0 4.0 2.0 0.3501799833432887 True 0.3400891292695998 
197.1933560073935 -24.00796376560313 19.928331 20.674232 19.379286 10.682368 5.374116 17.712725 1.4682963 2.9185977 4.839406 0.6741973 0.7667756 0.8619634 1412.2697 594.3426 234.46742 0.0 0.0 0.0 0.0012149587 0.030316487 0.016437363 0.012000949 0.02931478 0.055174515 1.0 1.0 1.0 18.0 20.0 42.0 0.411730062436402 True 0.2765270823337723 
197.2664560172719 -24.49200447410093 19.928885 20.691591 19.405144 10.676928 5.2888775 17.295876 1.2620646 2.5477946 4.127249 0.69002825 0.77885795 0.8695345 158.52962 97.35272 17.16038 0.0 0.0 0.0 0.0059565967 0.006607268 0.008963395 0.008130239 0.027368179 0.0025549023 0.6662592 0.5690328 0.9989442 2.0 3.0 4.0 0.3101444893153404 True 0.5928999777137407 
197.7464023300384 -23.85649401079263 19.929129 21.780104 18.863514 10.674531 1.9406989 28.483555 0.74140614 4.0779963 10.881586 0.6628739 0.75807667 0.8564798 1634.9053 677.11584 277.70026 0.0 0.0 0.0 0.00060433644 0.00068091793 0.0010109366 0.01892758 0.009777825 0.0065321927 0.9999759 0.9999739 0.9999613 16.0 18.0 41.0 0.3559761477743416 True 0.7963873515808544 
197.2803181480638 -23.97125205186641 19.929443 20.952929 19.209919 10.671436 4.157464 20.702967 1.4756569 3.7877364 7.348344 0.66287714 0.7580792 0.8564814 1235.1755 528.4291 204.32645 0.0 0.0 0.0 0.00016052817 0.03559975 0.001850913 0.023245964 0.02701612 0.023521453 0.99902976 0.99999976 0.9999875 18.0 20.0 41.0 0.4276935473589869 True 0.3579194342143257 
197.5206616476879 -24.69581274274229 19.931606 20.64138 19.385572 10.650188 5.5392118 17.610474 2.6860387 5.16442 8.5395565 0.72616524 0.8061045 0.88642025 488.85358 387.04932 24.108093 0.0 0.0 256.0 0.003118338 0.004916496 0.006146405 0.0 0.0 0.0 0.9974844 0.9963765 0.87247 2.0 5.0 4.0 0.3113913685443864 True 0.8963651756508862 
197.4184537058256 -23.69601170803424 19.93194 21.191376 19.1121 10.646928 3.3377202 22.65479 1.6326553 5.2079754 11.081656 0.66535795 0.7599891 0.8576877 2201.9043 996.0599 377.25305 0.0 0.0 2048.0 1.306141e-06 7.609104e-05 0.01060147 0.007271926 0.008764269 0.024394143 0.99999994 0.99999994 1.0 17.0 20.0 42.0 0.4599471310354495 True 0.5746158644983924 
196.9205764516399 -23.9123694527058 19.93309 21.49034 19.056555 10.635653 2.534338 23.843937 1.3275574 5.5712543 12.490124 0.658061 0.75436455 0.85413134 2336.471 956.429 361.0476 0.0 0.0 0.0 0.0010096794 0.002721508 0.012402013 0.0004794821 0.0008465654 0.0013451846 0.9979476 0.9997429 0.9761905 18.0 20.0 41.0 0.3585962543119246 True 0.1000465042576151 
197.4184416074816 -23.63846263673887 19.933203 21.495525 19.001667 10.634543 2.522259 25.08033 1.018029 4.2922926 10.122871 0.6728555 0.7657473 0.8613166 1885.395 797.2311 288.4692 0.0 0.0 0.0 0.0007399034 0.04797555 0.014923958 0.023390507 0.020278482 0.014907699 0.99999994 0.9999999 0.9999999 17.0 20.0 41.0 0.4499188878914403 True 0.6078352184248722 
197.6086963631361 -23.89167541444041 19.936651 20.755735 19.391592 10.600812 4.98547 17.513107 1.3043616 2.7735183 4.5820003 0.66770256 0.761792 0.85882527 1202.644 523.8471 195.93977 0.0 0.0 256.0 0.002513579 0.032303862 0.0054537016 0.035989817 0.025826761 0.01568498 0.9989274 0.998768 0.9983289 17.0 20.0 41.0 0.4018785102746195 True 0.666274113630619 
197.3824751587106 -24.42439115785662 19.936693 21.386625 19.04186 10.60041 2.788368 24.168823 0.7527457 2.8616788 6.524597 0.69120866 0.7797552 0.87009466 462.96277 265.1461 2.7382998 0.0 0.0 0.0 0.0035218718 0.005759217 0.009786982 0.009851347 0.0085263485 0.010589155 0.99769926 0.9963571 0.99258775 3.0 7.0 2.0 0.3498261017645167 True 0.6121545235221074 
196.8327787687202 -23.8156763973349 19.937313 21.833424 18.917625 10.59437 1.8476977 27.098778 0.7359095 4.2195745 10.793025 0.6647595 0.7595286 0.857397 1381.4581 570.2472 228.0797 0.0 0.0 0.0 0.00403768 0.004600956 0.015171851 0.03957288 0.04258786 0.03733035 0.9174051 0.87916034 0.97038627 17.0 18.0 40.0 0.3496493517152408 True 0.2000387898389884 
197.6734589483318 -24.50317307288368 19.93824 21.531826 19.06371 10.585325 2.439325 23.687351 0.74503493 3.2330406 7.234749 0.6971895 0.78429365 0.87292373 265.74417 161.8367 8.561456 0.0 0.0 0.0 0.11890619 0.025264364 0.01620967 0.0045171636 0.0031219379 0.0026832188 0.9945993 0.9934218 0.75411415 2.0 3.0 2.0 0.3560661175465176 True 0.8694563762350688 
197.7585716035695 -24.64230870687015 19.939276 20.99783 19.188232 10.575234 3.9890354 21.120642 2.0994263 5.5657377 11.115778 0.71548057 0.79809546 0.88148326 878.994 585.3755 29.070213 0.0 0.0 0.0 0.0041013383 0.005786952 0.007989013 5.7884103e-05 0.00012996959 0.00018928119 0.9993403 0.99908435 0.99842054 3.0 6.0 4.0 0.3340552783648655 True 1.014976582585003 
197.5783599739738 -24.07304341605908 19.9399 21.51387 18.895681 10.56915 2.4800017 27.652042 0.6976361 2.9731514 7.7786493 0.6810791 0.7720391 0.86526805 901.478 377.45926 175.93768 0.0 0.0 0.0 0.002535937 0.0044390326 0.011817807 0.10511882 0.08405116 0.061919473 0.999976 0.9999721 0.9999653 15.0 16.0 41.0 0.4041366331144095 True 0.6315175006769003 
197.8117603658269 -24.14231897136077 19.941383 21.942951 18.457163 10.554716 1.670397 41.412834 0.4332434 2.7375293 10.741061 0.6797086 0.7709923 0.86461157 348.20462 126.41589 0.8843 0.0 0.0 0.0 0.04497868 0.051575422 0.055212718 0.14335176 0.1193697 0.15374665 0.98369825 0.810589 0.3330403 3.0 4.0 1.0 0.3542709305994356 True 0.8519870846406118 
197.5882512817604 -24.08955287015402 19.942614 20.395931 19.631456 10.542764 6.9442883 14.041616 2.1325774 3.2376623 4.3121533 0.68152094 0.7723764 0.8654795 1327.9685 635.8521 232.35071 0.0 0.0 0.0 0.002097279 0.002291768 0.01232917 0.11171797 0.1150033 0.10444673 0.9994036 0.9761874 0.9990295 17.0 20.0 41.0 0.4041366331144095 True 0.6423775125855478 
197.5078474841986 -23.86191317087093 19.943047 20.741312 19.331018 10.538567 5.0521355 18.517927 1.2177342 2.5401483 4.4634423 0.67043823 0.7638931 0.8601494 1114.8936 414.24466 147.9011 0.0 0.0 1024.0 0.041209165 0.21389563 0.22659045 0.22065829 0.20295465 0.1719051 1.0000005 0.9999999 0.9761907 18.0 20.0 41.0 0.4344176453844691 True 0.5825802976927409 
197.6226294642857 -24.42019814500077 19.943323 21.8286 18.839996 10.535876 1.8559225 29.107252 0.29116523 1.6529144 4.566473 0.6735816 0.7663039 0.86166674 103.35224 50.08144 0.81356156 0.0 0.0 0.0 0.13783467 0.13990054 0.14543858 0.07128225 0.06456173 0.07017379 0.80683684 0.8058061 0.8061148 2.0 3.0 2.0 0.3618785830388715 True 0.7851850252758212 
197.6653711116637 -24.51217412555567 19.945328 21.104832 19.15124 10.516446 3.6146557 21.852673 1.3058032 3.7990916 7.894331 0.702409 0.78824407 0.8753804 343.59918 186.36835 12.293636 0.0 0.0 0.0 0.012392952 0.013356965 0.015589112 0.000559626 0.00061216915 0.008266784 0.9939605 0.9929845 0.7514135 2.0 3.0 3.0 0.3560661175465176 True 0.8685774975236945 
197.1865648541631 -23.60859971270858 19.94995 20.864916 19.249432 10.471767 4.508519 19.96306 1.7722249 4.11628 7.847151 0.6779729 0.7696655 0.86377907 1484.5585 711.9637 262.46313 0.0 0.0 0.0 0.031878497 0.004132169 0.02288315 0.0032266728 0.0031735122 0.0027779285 0.9999999 0.99999976 0.99999964 18.0 20.0 42.0 0.4849239073825502 True 0.4827829793534977 
197.769706726358 -23.85916220139751 19.954205 21.823488 18.871687 10.430815 1.8646832 28.269943 0.61330163 3.430736 9.298097 0.6652982 0.7599431 0.8576587 1201.7644 502.65353 178.4308 0.0 0.0 0.0 0.0016169281 0.0010886446 0.0011316901 0.07684884 0.030880416 0.020155646 1.0 0.99999994 0.99999976 17.0 20.0 41.0 0.3559761477743416 True 0.8168013545155026 
197.8898695752241 -24.70707173712835 19.954918 21.745335 18.99998 10.423963 2.0038545 25.119303 0.82203376 4.276183 10.304599 0.7180481 0.8000236 0.8826738 698.6864 311.21866 15.674284 0.0 0.0 0.0 0.01253815 0.010072572 0.010423671 0.005888993 0.0073821023 0.009779842 0.9996441 0.9995325 0.9995039 3.0 4.0 3.0 0.3212954714488536 True 1.1493575506150235 
197.8781305905212 -24.74901076847901 19.955343 20.75909 19.493422 10.419871 4.9700866 15.945257 0.77314603 1.6209137 2.480442 0.72402865 0.80450606 0.88543665 261.2126 155.84741 4.831172 0.0 0.0 2048.0 0.07649696 0.08287186 0.07765677 0.0007933146 0.0009340705 0.0019278111 0.97943735 0.97935843 0.9788319 4.0 7.0 4.0 0.3216180837128936 True 1.167007464085485 
197.6629336472797 -24.3372769952412 19.955452 20.52765 19.614601 10.418837 6.15091 14.261313 1.1582998 1.9620082 2.6855986 0.6688527 0.76267564 0.85938233 376.76318 221.46646 3.5504208 0.0 0.0 2048.0 0.007668722 0.010366715 0.0074262703 8.182137e-06 2.2954699e-05 2.063851e-05 0.9993915 0.9990168 0.9993124 4.0 6.0 1.0 0.3740885483190757 True 0.7782827651615246 
197.5033440727229 -24.39463283559125 19.955462 20.588419 19.431616 10.418743 5.816108 16.879265 2.0907884 3.7453544 6.0677986 0.6870604 0.77659976 0.8681234 774.88104 525.57434 2.175179 0.0 0.0 0.0 0.0031192696 0.005040078 0.086054854 6.820477e-05 0.0003503651 0.00051834923 0.98991454 0.9989688 0.99855053 4.0 8.0 1.0 0.3623367253967482 True 0.679908717987664 
197.400129286814 -24.62146225361792 19.95559 20.61567 19.53471 10.417523 5.6719465 15.350264 0.5594986 1.0276172 1.5141982 0.71042854 0.7942951 0.87913287 47.781254 18.751633 4.6521344 0.0 0.0 0.0 0.10531532 0.24075295 0.09581918 0.090392195 0.06828816 0.039003137 0.62114197 0.91686577 0.9131669 2.0 3.0 4.0 0.3141310845104088 True 0.7695451343605428 
197.9335284558941 -24.06261087349565 19.957638 21.255554 19.160984 10.397882 3.1461432 21.657389 1.0372663 3.4281247 7.1403227 0.6822215 0.7729112 0.8658146 399.44003 210.51361 1.6989635 0.0 0.0 0.0 0.00289605 0.004865826 0.008859306 0.00022704987 0.00046583283 0.0021050943 0.9991201 0.99881214 0.9968151 2.0 2.0 1.0 0.3089804605192791 True 0.9541917840565328 
197.975292104417 -24.84641541515003 19.957737 20.889063 19.169846 10.396937 4.409349 21.481352 1.6956017 3.9981105 8.260589 0.74920106 0.823242 0.8969124 416.98392 208.89595 18.601728 0.0 0.0 0.0 0.002988192 0.009128228 0.00905286 0.048002772 0.042228937 0.012030996 0.9155774 0.8761508 0.9989358 2.0 3.0 4.0 0.3010513136875637 True 1.2975494119662905 
197.7205514087993 -23.89446510205151 19.958117 21.160597 19.171364 10.393291 3.433692 21.451332 1.4452631 4.3746033 9.029004 0.6589104 0.7550203 0.8545466 1817.3478 775.9336 312.34348 0.0 0.0 0.0 0.06311361 0.0058013415 0.013676863 4.3121807e-05 3.077704e-05 3.114626e-05 0.9992217 0.9492212 0.99874544 17.0 19.0 41.0 0.3743729945488895 True 0.7666554410957469 
197.1873519362952 -24.28888164056132 19.95844 21.46813 18.926395 10.390188 2.5867102 26.88078 0.7013482 2.8171458 7.288325 0.6856497 0.7755253 0.86745137 368.07968 193.852 20.86837 0.0 0.0 0.0 0.0059114997 0.021221887 0.006249265 0.0015268038 0.0015857967 0.00056794495 0.996762 0.9961433 0.99631387 3.0 5.0 2.0 0.3286412000926486 True 0.3898949141497978 
197.8747850534742 -23.99777873810068 19.958567 20.531574 19.642897 10.388998 6.12873 13.894444 0.9143437 1.5499321 2.0729089 0.67475307 0.7672013 0.862231 225.17374 124.95215 0.7227312 0.0 0.0 0.0 0.010174359 0.015812986 0.017475065 0.01163334 0.006991389 0.032559916 0.99456537 0.9958895 0.99420565 3.0 5.0 1.0 0.3161816297746305 True 0.8990663062258564 
197.8926630510373 -24.46077289089153 19.958654 21.45098 19.012651 10.388154 2.6278987 24.82785 0.6338895 2.5057821 5.988858 0.6797206 0.7710014 0.86461735 319.89606 161.60645 6.734778 0.0 0.0 0.0 0.004957922 0.005933216 0.007971408 0.0045799036 0.00920538 0.006284433 0.99916387 0.99880004 0.99806577 2.0 2.0 2.0 0.332797739744472 True 1.0209251993167914 
197.1589862746405 -24.39590260614185 19.95961 21.980402 18.931648 10.379008 1.6137596 26.75106 0.74111843 4.766555 12.285413 0.69322985 0.78129035 0.87105244 626.42706 292.02805 38.52494 0.0 0.0 0.0 0.028239219 0.04677233 0.017956039 0.018028723 0.008745006 0.007575357 0.99999034 0.9999999 0.99999964 4.0 5.0 4.0 0.3062069127887985 True 0.4583529628255371 
197.0267088778559 -23.65360452907754 19.959867 21.59432 19.07531 10.376558 2.3028812 23.43559 1.3400321 6.038055 13.637024 0.683835 0.7741421 0.8665856 1368.2411 474.5889 182.8627 0.0 0.0 2048.0 0.0058791866 0.0071971896 0.02386489 0.0027576783 0.0009858031 0.0007801559 0.49049893 0.4399032 0.45737392 9.0 9.0 19.0 0.460655278057438 True 0.3761326050952198 
197.023113059876 -24.13630565045904 19.95998 21.407957 19.220272 10.375472 2.734117 20.506493 1.2092044 4.588709 9.069305 0.6805742 0.77165353 0.8650263 1628.6835 722.7815 292.83707 0.0 0.0 0.0 0.039796926 0.0014319678 0.0015901851 0.050275173 0.03308349 0.02588393 0.9998263 1.0000001 1.0000001 19.0 20.0 42.0 0.3169748890088196 True 0.1759293074559305 
196.9530537208372 -23.89384607046133 19.960278 21.656666 19.023203 10.372641 2.1743722 24.58774 0.9403976 4.4860797 10.633989 0.65951073 0.7554836 0.8548399 999.5999 504.57867 227.56587 0.0 0.0 0.0 0.0053640185 0.0037607502 0.014668288 0.00057436764 0.00055384886 0.0007928586 0.4332575 0.70434713 0.8160559 7.0 14.0 34.0 0.3585962543119246 True 0.128142236498288 
197.6745160214087 -23.74613017712155 19.960804 20.910404 19.279728 10.367599 4.3235273 19.413708 1.0270609 2.46284 4.6117578 0.66823685 0.7622026 0.8590841 1010.2994 452.08728 177.76176 0.0 0.0 0.0 0.00081224117 0.0010352738 0.001374397 0.075192206 0.041479476 0.008299159 0.94117725 0.905207 0.9756158 16.0 18.0 40.0 0.3829193691285378 True 0.7626488747421251 
196.8041565284508 -23.8789605572756 19.960938 21.311794 19.079288 10.366336 2.987324 23.349869 0.62314606 2.162384 4.870707 0.65757126 0.75398636 0.8538918 791.18146 343.8628 121.73767 0.0 0.0 0.0 0.002867022 0.007147434 0.0032779078 0.12788889 0.09376426 0.04802726 1.0 0.99999994 0.9999998 18.0 20.0 42.0 0.3234795019943931 True 0.1518194517527968 
197.3820841256108 -24.14688639979348 19.960968 20.800262 19.302557 10.366047 4.7851467 19.009796 1.5684134 3.3976483 6.2307844 0.6718751 0.7649955 0.86084354 789.80005 307.30118 68.16 0.0 0.0 0.0 0.030937888 0.023328705 0.005055297 0.0061460338 0.0038585747 0.048158072 0.46970633 0.35868862 0.32692823 9.0 7.0 12.0 0.4037246935010188 True 0.4697408744096759 
197.8662749392735 -24.52336472847934 19.961687 21.796343 18.929647 10.359179 1.9118911 26.800367 0.72235936 3.9139519 10.125836 0.693057 0.78115916 0.8709706 656.282 305.67047 9.1883335 0.0 0.0 0.0 0.0065808813 0.008949099 0.011209999 0.011069096 0.010027844 0.0073463423 0.9994895 0.99926984 0.9988669 3.0 4.0 2.0 0.3302969276463723 True 1.0292048212748497 
197.1949079991627 -24.29164116234464 19.962265 20.805244 19.396723 10.353664 4.763237 17.430546 1.0972079 2.3849585 4.0151124 0.68669933 0.77632487 0.8679515 286.8402 164.07658 13.306236 0.0 0.0 0.0 0.009185594 0.011725858 0.008063846 0.008995967 0.0068777367 0.010374914 0.9943511 0.99273807 0.6578985 3.0 5.0 1.0 0.3286412000926486 True 0.3966885450814176 
197.6406498225296 -23.78367326369107 19.963129 20.689013 19.507479 10.345427 5.3014555 15.740144 0.43962237 0.85789293 1.305249 0.6661181 0.76057386 0.8580568 392.9053 182.48721 59.99952 0.0 0.0 0.0 0.014768806 0.015991816 0.022786604 0.02207868 0.017085074 0.014157953 0.9972998 0.9972766 0.9937117 17.0 20.0 41.0 0.4010622319050091 True 0.7211013919298299 
197.87262998272 -24.42062039707886 19.965141 21.901026 18.819363 10.326273 1.7361588 29.665707 0.66305494 3.943698 11.329604 0.6710534 0.7643652 0.8604467 427.12643 166.10782 9.200529 0.0 0.0 0.0 0.03357027 0.1107749 0.026990455 0.005136939 0.0024964388 0.0020285225 0.9987263 0.99861056 0.9983145 2.0 2.0 2.0 0.3426690077200039 True 0.9871287367923304 
197.7741806519317 -24.27160212779248 19.966368 21.787317 18.970865 10.314608 1.9278507 25.802015 0.63715994 3.409006 8.527637 0.6667787 0.7610819 0.85837734 358.12164 164.34073 1.2818613 0.0 0.0 0.0 0.03238212 0.035934772 0.03833577 0.00454688 0.002828402 0.0025105136 0.9921949 0.99206454 0.99023515 2.0 2.0 1.0 0.3647298151565468 True 0.8488688239295473 
196.6953736556134 -23.75385943542062 19.968645 20.722385 19.42466 10.292996 5.140979 16.98776 1.464954 2.9330537 4.8407683 0.66688347 0.7611624 0.8584281 1301.439 625.3256 226.35988 0.0 0.0 0.0 0.026653085 0.013555977 0.0032345974 0.0008076252 0.0012268713 0.0009483346 0.99929947 0.99917567 0.99885994 18.0 20.0 42.0 0.3056709882292605 True 0.3109865757387149 
197.82965466133 -24.5183338896646 19.9713 20.80906 19.306578 10.267861 4.7465353 18.939512 2.7819936 6.0181003 11.100644 0.6946958 0.7824029 0.87174594 874.5311 530.03546 28.764603 0.0 0.0 0.0 0.0023635777 0.0037921607 0.0057695294 0.00016112794 0.00047761714 0.0006115178 0.9993484 0.99897045 0.9985349 3.0 4.0 3.0 0.3386314831031863 True 0.9977979845076068 
196.8078677318098 -23.69481194207716 19.972706 20.56572 19.55235 10.254572 5.9389873 15.102905 0.3837488 0.6626012 0.9758771 0.67944247 0.7707889 0.864484 162.29053 73.9778 25.042374 0.0 0.0 0.0 0.14057204 0.13962787 0.1449835 0.16180141 0.14152502 0.17838164 0.8878693 0.88805497 0.8880826 19.0 20.0 43.0 0.3721037318257334 True 0.322775092150224 
197.3593683410617 -24.01502216727912 19.975727 21.90594 18.929123 10.226086 1.7283218 26.813332 0.5992508 3.5456302 9.296828 0.6629276 0.75811803 0.856506 1382.3452 560.1286 210.13503 0.0 0.0 0.0 0.010407262 0.010858931 0.011046056 0.16193093 0.09391029 0.088307805 0.9988461 0.99876714 0.9987551 18.0 20.0 42.0 0.4200061793011517 True 0.4282240760168353 
196.9172719895147 -23.98031483202828 19.978647 21.715258 19.058613 10.198607 2.0601401 23.798786 0.9150224 4.5297666 10.570359 0.66280186 0.7580212 0.8564447 1732.8232 671.70355 305.05057 0.0 0.0 0.0 0.0020948513 0.0014706111 0.01438372 0.0075393296 0.0043960246 0.008851945 0.91516197 0.8709559 0.9695142 18.0 18.0 41.0 0.3337195409049112 True 0.0373126946643595 
197.681100928508 -24.74134915597763 19.978666 21.312664 19.143555 10.198426 2.9849293 22.00789 0.70832247 2.4200823 5.222463 0.71924603 0.80092245 0.88322836 266.40662 167.06918 8.276068 0.0 0.0 0.0 0.010079667 0.010524455 0.010755499 0.033646457 0.014350443 0.001221575 0.6802774 0.833787 0.7500001 2.0 5.0 3.0 0.3200889988180802 True 1.0287385224841856 
196.699137272153 -23.73679851029542 19.979582 21.926218 18.901323 10.189838 1.6963395 27.508717 0.63640666 3.8228676 10.320299 0.6693177 0.76303285 0.85960746 1683.8738 683.90533 287.97372 0.0 0.0 0.0 0.0004241125 0.00047540225 0.0006763785 0.019344524 0.022622906 0.01340639 1.0 1.0 0.9999999 17.0 18.0 42.0 0.3056709882292605 True 0.3232359458782315 
197.81932228922 -24.07868389301454 19.979946 21.914509 18.930279 10.186418 1.7147336 26.784803 0.6285485 3.733908 9.818171 0.676476 0.7685204 0.86306 378.77615 164.06508 1.5828778 0.0 0.0 0.0 0.02294698 0.041879095 0.035772815 0.00950099 0.012859674 0.010824458 0.9906212 0.9902943 0.9886327 2.0 4.0 1.0 0.338973593710529 True 0.8512262552900232 
197.3149436658136 -24.17838172744343 19.980158 21.235271 19.155252 10.184424 3.2054682 21.772047 0.6464379 2.0538645 4.390708 0.67845726 0.77003586 0.8640115 1016.8007 496.5757 150.65738 0.0 0.0 0.0 0.055788893 0.0012386156 0.0013939504 0.21879226 0.21645384 0.18317336 0.9999999 1.0000001 0.9998891 19.0 22.0 42.0 0.3899953052483713 True 0.4231471325017844 
197.4853440132258 -24.10418312920672 19.98069 21.51966 18.978416 10.179438 2.4668114 25.623203 0.835244 3.4466817 8.675826 0.6758054 0.7680071 0.8627375 1634.9554 691.9528 250.06277 0.0 0.0 0.0 0.029655833 0.016201267 0.0024472545 0.00041096262 0.00026882484 0.00020406973 0.9999589 0.99995303 0.9999137 17.0 20.0 41.0 0.4124673450280857 True 0.551596414805907 
196.9147565675475 -23.92933541201309 19.980963 21.284832 19.181759 10.176878 3.0624354 21.246935 1.5607504 5.1865797 10.828362 0.65800613 0.7543222 0.8541045 2430.554 1032.8013 400.34372 0.0 0.0 0.0 0.001128587 0.0017382851 0.0018358822 0.03634759 0.026372746 0.014570042 1.0 1.0 0.9999881 18.0 20.0 42.0 0.3288890040539978 True 0.0822748548469417 
197.497168946667 -23.76818625567167 19.981102 21.383873 19.133146 10.17559 2.7954423 22.219881 1.4802933 5.3883624 11.766274 0.6664869 0.76085746 0.8582358 2390.2769 1080.5223 406.222 0.0 0.0 0.0 0.08678289 0.0022068608 0.0027085762 0.013037195 0.00984691 0.008157976 0.9999993 0.99999917 0.99999785 17.0 20.0 41.0 0.4377618274518043 True 0.6039687637494136 
196.8471922503329 -23.93886869700589 19.984533 20.92664 19.344112 10.143465 4.259355 18.295969 1.2743636 3.0348403 5.474002 0.6550594 0.75204504 0.8526614 1402.465 637.88116 226.0013 0.0 0.0 0.0 0.010432888 0.0008038315 0.023701403 0.02549543 0.021434529 0.014435236 0.9999999 0.99999994 0.99999994 18.0 20.0 42.0 0.3288890040539978 True 0.0802402356278328 
197.3374863032528 -23.84549560049348 19.985037 20.76522 19.462044 10.138777 4.9421067 16.412796 1.4629833 3.0013235 4.858585 0.6541499 0.75134146 0.85221505 1313.185 602.44946 214.08281 0.0 0.0 0.0 0.0016649608 0.0021440648 0.020441469 0.0045301914 0.0063218637 0.0056550545 0.9995732 0.999513 0.99938077 18.0 20.0 42.0 0.4522325744942939 True 0.4395699222747224 
197.5887655166759 -23.93484600701052 19.985426 21.427862 18.89614 10.13513 2.6844501 27.640402 0.73581654 2.7780724 7.576325 0.67449254 0.76700175 0.8621056 1281.0587 591.62115 211.1254 0.0 0.0 2048.0 0.06578348 0.0014240127 0.0019310309 0.00011395493 3.826532e-05 3.0212019e-05 0.9999997 1.0 1.0 18.0 20.0 42.0 0.4114143793914414 True 0.6419781362210742 
197.2134937610192 -24.38128021982145 19.986374 21.478962 19.0721 10.126288 2.5610313 23.504974 0.86861455 3.4344919 7.972086 0.692917 0.7810528 0.8709043 251.24548 94.41321 25.715612 0.0 0.0 0.0 0.013513152 0.014555656 0.016561726 0.03139955 0.014859835 0.009523639 0.99169713 0.9913355 0.98929924 3.0 2.0 3.0 0.3062069127887985 True 0.4752525405237806 
197.416137526147 -24.18168098651261 19.987309 21.317104 19.142944 10.117579 2.97275 22.020237 0.94246304 3.2076173 6.9811654 0.67767084 0.7694345 0.863634 1522.066 672.64813 211.48099 0.0 0.0 0.0 0.022016 0.019894622 0.013087724 0.019716062 0.0091454685 0.00321958 0.9999999 0.99994093 0.99999994 19.0 22.0 42.0 0.4011641055031938 True 0.5102816572250622 
197.0023949351324 -23.90307204072253 19.987696 21.854572 18.97349 10.11397 1.8120527 25.73975 0.6157275 3.4366822 8.746253 0.6608176 0.7564918 0.8554778 1134.9265 462.91602 201.9811 0.0 0.0 0.0 0.011412096 0.007211847 0.011500551 0.013247333 0.0074854717 0.0055433055 0.99997497 0.9999727 0.99997133 17.0 18.0 42.0 0.3902927702360231 True 0.1468299918717699 
197.6975071404489 -23.73812746869834 19.989685 21.29382 19.018518 10.095457 3.0371916 24.694063 0.78322405 2.6033936 6.368049 0.6689966 0.7627862 0.859452 1144.621 483.0936 196.70457 0.0 0.0 0.0 0.0040726718 0.08739901 0.035671517 0.00498721 0.0031119531 0.0009721877 0.9995384 0.9994443 0.99925756 16.0 18.0 42.0 0.3632543796284365 True 0.7851221748730496 
196.8219138068455 -23.90584044473339 19.990194 20.75132 19.664036 10.090718 5.00578 13.626553 0.16383494 0.33026066 0.4459855 0.6558318 0.7526422 0.85304 136.70834 61.56604 23.090626 0.0 0.0 0.0 0.0029514658 0.0032479411 0.0035347824 0.11198749 0.16878936 0.4090324 0.94444764 0.9001855 1.0 17.0 18.0 42.0 0.3234795019943931 True 0.1204247719132882 
197.6301856091458 -24.76397362257612 19.991749 21.974018 18.78669 10.076291 1.6232783 30.571991 0.63208073 3.9235601 11.904285 0.72102463 0.802256 0.88405067 448.07043 253.40782 16.412224 0.0 0.0 0.0 0.010687727 0.012061689 0.013826634 0.05333635 0.03400761 0.015155701 0.9939792 0.99415475 0.99393606 2.0 5.0 4.0 0.3078988949544839 True 1.0133933470934111 
197.3101737831653 -24.48173229459114 19.995123 21.750153 18.969254 10.045027 1.9949826 25.840351 0.41785464 2.1039588 5.4123335 0.68967044 0.77858585 0.86936456 173.9991 92.61624 8.88167 0.0 0.0 0.0 0.0788662 0.08116604 0.08162633 4.2402725 1.6917983 0.7814483 0.9522944 0.9519977 0.95329696 3.0 5.0 3.0 0.3117816907138776 True 0.608867397770415 
197.0951127557493 -23.87286974566078 19.995302 20.488932 19.717892 10.043366 6.374227 12.967108 0.39155284 0.6169388 0.7965369 0.6522959 0.7499064 0.8513042 287.84393 132.89146 45.241688 0.0 0.0 0.0 0.02012975 0.023742469 0.024835292 0.19902731 0.27790964 0.38045353 1.0 1.0 1.0 18.0 20.0 42.0 0.4161693809829155 True 0.2308941186616279 
196.8807852152271 -23.74541755297212 19.996117 20.712345 19.510656 10.035836 5.1887436 15.694146 0.8416885 1.6279564 2.5458152 0.6741008 0.7667017 0.8619169 706.5326 310.00507 120.8604 0.0 0.0 0.0 0.005487963 0.071443066 0.03602492 0.0064449576 0.005682402 0.0057719606 0.9443866 0.92688334 0.99976164 17.0 19.0 42.0 0.3813682706112671 True 0.2633423591153384 
197.5159270360234 -23.8643860513466 19.996178 21.497616 19.048786 10.035263 2.517408 24.015179 0.7769441 3.0971694 7.411772 0.6711091 0.7644079 0.8604736 1222.7548 554.0213 193.33041 0.0 0.0 1024.0 0.03437607 0.0049236096 0.019556858 0.10287856 0.051996134 0.03166128 1.0 1.0 0.9763837 18.0 20.0 41.0 0.4232354089724369 True 0.5891157129494917 
197.5563962658092 -24.59877034356144 19.99896 20.972036 19.32631 10.009587 4.084937 18.598415 1.9378883 4.7485337 8.823061 0.73258954 0.81090146 0.889367 536.4579 373.6565 23.928776 0.0 0.0 0.0 0.003009229 0.0047711898 0.00691497 0.0030086124 0.0032923825 0.0022322056 0.9987573 0.9982195 0.9974741 2.0 5.0 4.0 0.3404302137760679 True 0.8474373270957403 
196.8484948204713 -23.81422623468356 19.999228 21.821966 19.039043 10.007114 1.8672962 24.231636 0.6020152 3.2262878 7.8122654 0.66434944 0.759213 0.85719764 1173.0115 453.32462 168.85005 0.0 0.0 0.0 0.012847416 0.027050821 0.019275697 0.06365794 0.05808024 0.06681539 0.9917957 0.956301 0.9495131 18.0 19.0 40.0 0.3496493517152408 True 0.1981556540898642 
197.6082920620814 -24.08007211236731 19.999361 21.88837 18.974768 10.005892 1.7565143 25.709444 0.5316982 3.0287912 7.7822685 0.68030035 0.7714443 0.8648951 991.04803 443.41995 158.8118 0.0 0.0 0.0 0.042540096 0.0057809013 0.0066871517 0.012569842 0.0075450707 0.005164644 0.99995786 0.9999952 0.9999995 17.0 20.0 41.0 0.4041366331144095 True 0.6594478540467303 
197.1435273047224 -24.29418605515108 19.999645 20.45986 19.613304 10.003266 6.547201 14.278357 1.7915158 2.737202 3.9069982 0.6833221 0.7737509 0.86634064 304.4126 192.47374 14.173832 0.0 0.0 0.0 0.009669637 0.006874926 0.0379816 7.380339e-06 4.626953e-05 3.124754e-05 0.9982611 0.99758905 0.9982302 3.0 5.0 1.0 0.3286412000926486 True 0.367315857871207 
197.0513439435101 -24.18043300737438 19.999718 21.717327 19.062634 10.002605 2.0562181 23.710835 0.75189376 3.657636 8.6703005 0.67506874 0.76744306 0.862383 409.94528 154.89757 25.147984 0.0 0.0 0.0 0.03276795 0.035564624 0.036553793 0.00022801668 0.00012383734 9.423675e-05 0.9920901 0.99062467 0.9906772 4.0 4.0 3.0 0.3205708372367527 True 0.2259976071536675 
