RA DEC MAG_R MAG_G MAG_Z FLUX_R FLUX_G FLUX_Z FIBERFLUX_G FIBERFLUX_R FIBERFLUX_Z MW_TRANSMISSION_G MW_TRANSMISSION_R MW_TRANSMISSION_Z FLUX_IVAR_G FLUX_IVAR_R FLUX_IVAR_Z GAIA_PHOT_G_MEAN_MAG GAIA_PHOT_G_MEAN_MAG_1 MASKBITS FRACMASKED_G FRACMASKED_R FRACMASKED_Z FRACFLUX_G FRACFLUX_R FRACFLUX_Z FRACIN_G FRACIN_R FRACIN_Z NOBS_G NOBS_R NOBS_Z PROB LOCAL SEP 0
12.08164996463039 -23.50807489987908 19.836521 20.573391 19.416277 11.624969 5.897168 17.11942 2.1502726 4.238789 6.2422204 0.95872116 0.97200316 0.98424196 1509.9963 816.5248 273.37515 0.0 0.0 0.0 0.0028644702 0.0019195145 0.007331046 0.00090930855 0.00027662917 0.0011807076 0.9999999 0.9999986 0.94756067 11.0 9.0 18.0 0.4011570533848803 True 1.4335728616975798 
12.25860464316181 -23.47554549643955 19.02948 20.034105 18.23403 24.446018 9.690758 50.861366 2.7092721 6.834441 14.219454 0.96036273 0.9731239 0.9848766 1048.6968 459.47986 163.77899 0.0 0.0 0.0 0.0010205047 0.0006049943 0.0014283814 0.00048966927 0.0001742436 0.00017585944 0.93332994 0.9999971 0.9999951 14.0 9.0 18.0 0.3984037968602093 True 1.4137345950060016 
12.50387039388574 -23.51882887461951 19.903276 21.231384 19.083975 10.931751 3.2169662 23.249311 1.133558 3.8520064 8.192328 0.95677567 0.970674 0.9834889 1194.949 550.26807 197.51596 0.0 0.0 0.0 0.004745453 0.0033794143 0.0051990333 0.015992217 0.0039574993 0.0022647511 0.93327266 0.88836104 0.9004438 14.0 8.0 16.0 0.3941428792878126 True 1.3301000633106863 
12.04724933520902 -23.59234757347163 19.741718 21.557354 18.779514 12.685644 2.3826406 30.774727 1.0308408 5.4883976 13.314573 0.9584172 0.9717955 0.98412436 1938.5209 783.46533 95.40397 0.0 0.0 0.0 0.0024760226 0.0018767108 0.0042536026 0.012068742 0.0056090397 0.004099495 0.9164958 0.99986285 0.56598806 11.0 8.0 9.0 0.4830342233502692 True 1.3679342710674214 
12.4929471459827 -23.44910481613238 18.421343 19.44979 17.584871 42.801918 16.599085 92.480774 4.1171317 10.616317 22.938345 0.95824707 0.97167933 0.9840585 559.1958 249.066 117.08992 0.0 0.0 0.0 0.01641296 0.0015582041 0.0025232623 0.014583193 0.0073398366 0.005942569 0.69611984 0.7003029 0.8926287 12.0 7.0 16.0 0.3524129865247732 True 1.400499570247826 
12.25363505702524 -23.49335543563097 19.573692 20.952578 18.671806 14.8089 4.158808 33.98424 0.7351757 2.6178517 6.007583 0.9606952 0.9733508 0.985005 779.2781 341.49503 101.83379 0.0 0.0 0.0 0.0076064575 0.0065726554 0.007167851 0.06240937 0.029359195 0.012346858 0.9785164 0.9999999 1.0 14.0 9.0 18.0 0.3984037968602093 True 1.397713278296154 
12.45528544130527 -23.43017886788548 19.183807 19.64857 18.881685 21.20688 13.822059 28.010849 0.6680693 1.0250041 1.3538641 0.9601202 0.9729584 0.9847829 188.24857 112.65437 23.716272 0.0 0.0 0.0 0.042371202 0.0015206088 0.010823823 0.054794747 0.049034376 0.046528965 0.84804815 0.8866684 0.6927898 12.0 8.0 13.0 0.3524129865247732 True 1.4233624649686267 
12.38492934098769 -23.49939209895395 19.191708 19.733229 18.82294 21.053131 12.785233 29.568104 2.716254 4.472789 6.2818155 0.95981133 0.9727475 0.9846635 741.3017 379.3775 139.8403 0.0 0.0 0.0 0.0031945033 0.039517187 0.012588561 0.013880453 0.009322222 0.00810567 0.8140615 0.8137587 0.89813185 15.0 9.0 18.0 0.4100016630915255 True 1.3649741907335269 
12.27730610428913 -23.54660430613312 19.659529 21.151785 18.790688 13.683217 3.4616718 30.459671 1.0681748 4.2222567 9.399 0.95947784 0.9725198 0.98453456 1198.3315 479.51117 171.16216 0.0 0.0 0.0 0.006704357 0.0052554007 0.026898157 0.011411588 0.0028382763 0.0017074425 0.9334239 0.88855606 0.9995616 14.0 8.0 18.0 0.4358141444164753 True 1.3406074396428345 
12.26135238945889 -23.36438099305531 19.939245 21.644333 19.062101 10.575529 2.1992106 23.722458 0.908916 4.3707805 9.8043 0.95584303 0.97003657 0.9831276 1705.7903 760.3405 256.55765 0.0 0.0 0.0 0.07840225 0.010225084 0.009026742 3.806186e-09 5.720033e-10 9.149342e-10 1.0000001 1.0 0.99999964 16.0 9.0 18.0 0.3689191391455025 True 1.5208956681710477 
12.34576586316948 -23.53553937780152 19.473127 20.559101 18.766882 16.246096 5.975296 31.13486 1.7385865 4.727003 9.059074 0.9587521 0.97202426 0.9842539 1407.8956 605.4359 195.0261 0.0 0.0 0.0 0.0035546317 0.06607912 0.0035451525 0.015823858 0.0073695933 0.003437684 0.9749405 0.99991274 0.9621356 18.0 11.0 19.0 0.4333401557304891 True 1.3365905213843845 
12.29840105083488 -23.59131105106745 18.09445 18.615911 17.658571 57.83894 35.779564 86.41147 6.427899 10.390927 15.524062 0.95795774 0.9714817 0.98394656 498.7293 258.53516 38.67529 0.0 0.0 0.0 0.00823349 0.0007404765 0.0011813433 0.015812252 0.008403977 0.0039896932 0.95378405 0.89997625 0.7693137 15.0 9.0 10.0 0.4563978785613288 True 1.2924131321021506 
12.35699593899304 -23.4800476421988 18.611366 19.509794 17.969238 35.929684 15.706599 64.90901 4.2721114 9.772683 17.654907 0.9595754 0.97258645 0.9845723 693.517 313.1759 128.5277 0.0 0.0 0.0 0.013445755 0.005369407 0.0065702964 0.07058522 0.1213936 0.18323913 0.8895065 0.84263223 0.9261458 16.0 9.0 19.0 0.3964554308310128 True 1.3888263476554774 
12.16509190147223 -23.47614941902746 19.508255 21.362974 18.509129 15.728887 2.8497753 39.47739 0.9447912 5.214627 13.088012 0.95947236 0.9725161 0.9845325 1431.0554 536.5743 176.6642 0.0 0.0 0.0 0.007843998 0.007434993 0.008514407 0.014684654 0.0059727975 0.0053759483 0.9221776 0.90169704 0.9458107 12.0 9.0 18.0 0.3968432079944102 True 1.437623277723557 
12.01629542859423 -23.55466258249281 19.049381 19.484211 18.843525 24.001991 16.081108 29.012844 5.4118676 8.077529 9.76386 0.957724 0.971322 0.9838561 940.8108 538.10376 211.10008 0.0 0.0 0.0 0.00073865434 0.00063035014 0.0012250971 0.03777257 0.033003364 0.016009128 0.9999337 0.99992937 0.99990565 12.0 9.0 19.0 0.4615552194493463 True 1.414014663690225 
12.28639130080484 -23.35047292052003 18.992048 19.743805 18.449001 25.303488 12.661296 41.725266 2.7824512 5.560704 9.16956 0.9562298 0.9703009 0.98327744 561.3211 272.8831 119.09488 0.0 0.0 0.0 0.0033832288 0.0008580007 0.015664836 0.007834869 0.0035891915 0.004638034 0.9290661 0.8750339 0.8888363 13.0 7.0 16.0 0.3506674403638222 True 1.5291628130712895 
12.70150325525366 -23.61370445432907 18.945042 19.312119 18.679089 26.423092 18.843107 33.757057 1.7906841 2.5110195 3.2079751 0.9530733 0.9681422 0.9820532 270.50348 143.41176 57.105556 0.0 0.0 0.0 0.005973693 0.0029876966 0.0060220202 0.030806722 0.022882376 0.015938519 0.99911 0.9992059 0.99915665 11.0 7.0 16.0 0.3829450036297162 True 1.2286940564315296 
12.22163699195439 -23.57939515869288 19.959835 20.861298 19.429317 10.37686 4.5235686 16.91503 1.3278389 3.0460017 4.965202 0.9603167 0.9730925 0.9848588 1522.3044 738.2969 104.14545 0.0 0.0 0.0 0.004437098 0.0030351558 0.09297883 0.013608068 0.005145836 0.039621208 0.9999997 0.99999946 0.6339997 13.0 10.0 13.0 0.459331931304954 True 1.3233517881718575 
12.42451974883563 -23.4423234942657 19.104876 20.422857 18.246088 22.806026 6.774189 50.29959 1.7008052 5.725941 12.628789 0.9602585 0.97305274 0.9848363 611.41833 329.73947 134.1219 0.0 0.0 0.0 0.033522714 0.018718828 0.020919114 0.019534677 0.0081699835 0.004189456 0.9088612 0.9997164 0.999668 10.0 7.0 16.0 0.3737690310839244 True 1.4152636452112348 
12.23164936271028 -23.60175571592665 19.720047 20.637857 19.023443 12.941399 5.557214 24.582323 2.3649406 5.5073714 10.461309 0.9598642 0.9727836 0.98468393 1291.9426 707.8936 266.7538 0.0 0.0 0.0 0.0026212605 0.0023582475 0.0074095153 0.0069492636 0.007766694 0.004768361 0.79987967 0.6998878 0.94328946 8.0 7.0 17.0 0.459331931304954 True 1.299249443102569 
12.25627852510464 -23.48652881571823 19.590706 20.444769 19.02772 14.578651 6.638849 24.485685 1.6145277 3.5454395 5.9547696 0.9605721 0.97326684 0.9849575 1006.4382 506.81122 162.38834 0.0 0.0 0.0 0.0379662 0.0010657014 0.003735111 0.014386187 0.005025321 0.0068236794 0.9333354 0.9 0.94736844 14.0 9.0 18.0 0.3984037968602093 True 1.4036708029005305 
12.141644880366 -23.43761821379104 18.12239 18.61661 17.75856 56.369473 35.75659 78.80908 7.3609443 11.604365 16.22384 0.9571251 0.9709128 0.9836242 398.76758 229.68105 116.49236 0.0 0.0 0.0 0.024768004 0.012290763 0.01429116 0.00043951426 0.0008319825 0.00093851844 0.77010906 0.66538304 0.84997886 10.0 7.0 17.0 0.3789397907022188 True 1.4810148625109698 
12.33899378822015 -23.54598748436008 19.872066 21.16283 19.061188 11.250537 3.4266322 23.74241 0.8026121 2.6351871 5.5611296 0.958314 0.97172505 0.9840844 1309.297 593.4773 168.89659 0.0 0.0 0.0 0.0025680491 0.0017635516 0.009022744 0.012180763 0.0062426804 0.0020307698 0.99922764 0.99952435 0.99918365 17.0 10.0 19.0 0.4333401557304891 True 1.3277193566715324 
12.11012835893117 -23.56665504950466 17.931608 19.774813 16.993189 67.19801 12.304807 159.48663 1.3351636 7.2914867 17.305492 0.9605805 0.97327256 0.98496073 162.20418 70.557625 23.877073 0.0 0.0 0.0 0.08334018 0.07516757 0.08071328 0.11515015 0.045271244 0.055366013 0.76566416 0.82771254 0.85467297 10.0 9.0 18.0 0.4501577855659459 True 1.3694181689227891 
12.30389356195335 -23.34188955972332 19.076612 20.334538 18.14513 23.407492 7.3482738 55.201122 2.4892573 7.9293823 18.699604 0.95616275 0.9702551 0.98325145 694.9603 288.0385 151.65816 0.0 0.0 0.0 0.009381754 0.0044749007 0.0049105696 0.002691522 0.0013314125 0.0006400202 0.9213353 0.9982898 0.93577766 12.0 6.0 15.0 0.3506674403638222 True 1.534079536866774 
12.29998858963417 -23.42544186906255 18.040121 18.45856 17.773016 60.806744 41.359535 77.766624 5.284609 7.7694263 9.936431 0.9585076 0.97185725 0.9841593 435.60297 210.98741 30.708578 0.0 0.0 0.0 0.05022277 0.00057292834 0.00081305084 0.03416053 0.022657681 0.019155499 0.9995622 0.8888766 0.8888665 15.0 8.0 8.0 0.3814826251303863 True 1.4532560875040426 
12.50602969256852 -23.52337952963562 18.340178 18.917131 17.853376 46.124176 27.111118 72.21861 6.207358 10.560585 16.535164 0.956829 0.97071046 0.98350954 471.88242 245.09605 117.61143 0.0 0.0 0.0 0.0061588674 0.00043262314 0.0007103833 0.035640772 0.017776867 0.0062168054 0.93333334 0.8888889 0.94444454 14.0 8.0 17.0 0.3941428792878126 True 1.3253679983677775 
12.38352910863228 -23.44609641624135 19.54482 21.178005 18.704544 15.207991 3.3790748 32.97483 1.5190191 6.8365545 14.823405 0.96005493 0.9729138 0.98475766 1607.4913 651.35834 281.11383 0.0 0.0 0.0 0.0033330764 0.0024546566 0.008032726 0.00030306724 0.000118212 0.00044521224 0.99999386 0.9999976 0.99999607 11.0 7.0 16.0 0.3737690310839244 True 1.417659473186332 
12.79090133230249 -23.62414166013406 19.63119 20.275978 19.234451 14.045079 7.7554803 20.240412 2.6216857 4.747841 6.8421297 0.95698535 0.9708173 0.9835701 1222.4714 670.2314 238.02509 0.0 0.0 0.0 0.0017803865 0.001204023 0.0025237259 6.756463e-05 6.715267e-05 0.0004497507 0.9995239 0.99970555 0.9993314 13.0 9.0 18.0 0.3516182078796089 True 1.2238529992281255 
12.5923172577897 -23.60479456337968 19.804539 21.014624 18.953285 11.972495 3.927814 26.223204 1.7645667 5.378632 11.780749 0.9541511 0.9688796 0.9824715 1441.2128 732.6395 293.26334 0.0 0.0 0.0 0.0028334807 0.002463826 0.0043703094 0.001870316 0.0008791704 0.000386987 0.76941115 0.7857003 0.92527455 10.0 7.0 16.0 0.4093885985521409 True 1.2382159317899055 
12.39379840812528 -23.55225979531269 19.734364 20.327362 19.278112 12.771879 7.3969917 19.44263 3.0131125 5.202535 7.9198184 0.9592414 0.97235835 0.9844431 1271.6703 648.8649 282.64606 0.0 0.0 0.0 0.0039171246 0.0024692912 0.008131917 6.7660374e-05 5.9661717e-05 5.8276913e-05 0.8902336 0.87498784 0.96031606 14.0 7.0 17.0 0.4100016630915255 True 1.3114919070443494 
12.22182174662909 -23.57591588996224 19.71939 20.876701 19.040232 12.949221 4.459839 24.205132 0.6977498 2.025929 3.7869365 0.9603362 0.97310585 0.9848663 814.5695 378.34546 101.16086 0.0 0.0 0.0 0.007917171 0.0017910227 0.040285863 0.06620198 0.034712523 0.029041387 0.992092 0.9999808 0.975974 13.0 10.0 20.0 0.459331931304954 True 1.3266233213262244 
12.5201465129 -23.45586890748651 19.869007 20.956509 19.09599 11.282284 4.1437807 22.993443 1.0453274 2.846116 5.8004217 0.9570324 0.97084945 0.98358834 1210.8783 541.06396 194.46086 0.0 0.0 0.0 0.012966318 0.0015831644 0.002837537 0.006824531 0.0054976074 0.00604109 0.869305 0.88955855 0.9444744 14.0 8.0 17.0 0.3596780335324374 True 1.3913289955650705 
12.52235987190884 -23.50761279469519 19.197054 20.642021 18.361298 20.949724 5.5359397 45.235687 1.2929204 4.892814 10.564808 0.9561478 0.9702449 0.9832457 452.71567 187.3553 88.650314 0.0 0.0 0.0 0.05816906 0.05808689 0.07924609 0.0501155 0.018245645 0.011779229 0.83982104 0.65352577 0.81679946 12.0 6.0 15.0 0.3596780335324374 True 1.3396080793359235 
12.41155973894215 -23.62330427647264 18.539501 19.203144 18.089586 38.388336 20.83254 58.09862 3.9742281 7.3233514 11.083487 0.95890737 0.9721303 0.98431396 680.0499 332.8335 123.3895 0.0 0.0 0.0 0.0019493806 0.0013821304 0.0026731384 0.013263551 0.009635941 0.00840994 0.94116277 0.9999871 0.9998591 16.0 10.0 19.0 0.449682571750815 True 1.2386502844450724 
12.19572513625577 -23.60199987576119 19.847914 20.52841 19.435278 11.503617 6.146619 16.822443 1.2207216 2.2846243 3.3409457 0.96093726 0.97351605 0.98509854 670.1868 345.8603 127.27879 0.0 0.0 0.0 0.0044588144 0.07626765 0.006573144 0.008830971 0.006512612 0.0039732177 0.79876584 0.77674526 0.99666417 8.0 7.0 17.0 0.459331931304954 True 1.3092297631080638 
12.06522189891822 -23.53603325776615 19.636478 21.317806 18.74053 13.976816 2.970829 31.899801 0.9115653 4.288628 9.788094 0.9589207 0.9721394 0.98431915 764.0383 400.8108 166.12479 0.0 0.0 0.0 0.03794493 0.0098704845 0.0046099983 0.033422574 0.017049268 0.013048337 0.7042883 0.798346 0.91810066 6.0 6.0 17.0 0.4315567353175855 True 1.4132561387831368 
12.08768740685945 -23.55735345687648 19.599442 21.45052 18.611252 14.461843 2.6290112 35.93349 0.9255582 5.091373 12.650587 0.95948225 0.97252285 0.9845363 1745.795 616.8357 207.65475 0.0 0.0 0.0 0.004746319 0.004751195 0.02447345 0.0055122813 0.004671795 0.0036248665 0.9975236 0.91905767 0.9803949 13.0 9.0 20.0 0.4501577855659459 True 1.385686914914054 
12.22899135253399 -23.55790514858938 19.456902 20.787569 18.709808 16.49071 4.8414125 32.815334 1.7799176 6.062715 12.06437 0.96039534 0.97314614 0.98488915 1497.674 558.87244 203.31445 0.0 0.0 0.0 0.015753102 0.015708026 0.016795622 0.031430982 0.017524576 0.009583018 0.9842161 0.89980376 0.94975924 13.0 9.0 19.0 0.4358141444164753 True 1.3419062510800213 
12.22067507840641 -23.56312651524522 19.32872 20.076494 18.716906 18.557184 9.319705 32.60152 2.9550698 5.8840675 10.337212 0.96045965 0.97319007 0.984914 1195.8821 563.3262 201.76874 0.0 0.0 0.0 0.0027377694 0.00209359 0.029638471 0.034237787 0.012324032 0.0006041802 0.9999997 0.99999964 0.9999992 12.0 9.0 19.0 0.4358141444164753 True 1.3391550759725388 
12.03394896113462 -23.59559330193045 19.88646 21.598833 18.917816 11.102389 2.2933323 27.094027 0.93143415 4.5092216 11.004206 0.9577021 0.97130704 0.9838476 1848.1666 788.5276 197.56696 0.0 0.0 0.0 0.011922452 0.010821396 0.031727158 0.008904654 0.001570673 0.0033903825 0.9993808 0.9995208 0.8535561 12.0 9.0 16.0 0.4830342233502692 True 1.3699853252677925 
12.04534602474876 -23.56905265914042 19.194036 20.625996 18.34071 21.008024 5.618258 46.101597 0.8402632 3.1419468 6.8949256 0.95820105 0.97164786 0.98404074 558.6026 232.72554 85.101875 0.0 0.0 0.0 0.020999253 0.0023117817 0.002941542 0.057058346 0.041141104 0.007299144 0.91484946 0.77863675 0.955467 10.0 7.0 17.0 0.4830342233502692 True 1.3899820240728635 
12.02754939093521 -23.56839388682942 19.94944 21.719522 18.992804 10.476682 2.0520651 25.285894 0.8080773 4.125584 9.957265 0.95774233 0.9713345 0.9838632 1677.2944 689.7391 231.69313 0.0 0.0 0.0 0.013310353 0.006445562 0.014056008 0.05275339 0.018023929 0.012577871 0.99821675 0.998545 0.9978901 11.0 8.0 18.0 0.4615552194493463 True 1.3972236926120052 
12.26358902294575 -23.51876018085751 19.923498 21.708134 18.998253 10.730022 2.0737038 25.159327 0.7435101 3.8471646 9.020678 0.96032345 0.9730971 0.98486143 1560.8475 610.47064 197.67462 0.0 0.0 0.0 0.0031406465 0.036725257 0.0090561705 0.01828605 0.0048349365 0.006209395 0.93198276 0.9874625 0.9254394 14.0 9.0 18.0 0.4155964576930731 True 1.3707843492706673 
11.94055242300476 -23.61384191006509 19.80438 20.882133 19.185987 11.974237 4.4375873 21.16436 1.5972711 4.3100233 7.617928 0.9513941 0.96699286 0.9814009 1164.7863 547.68695 193.11353 0.0 0.0 0.0 0.0048633753 0.004612826 0.021109384 0.0356389 0.0050779157 0.022684207 0.6930546 0.7999996 0.9000032 9.0 8.0 18.0 0.4856977053019652 True 1.3915385600818826 
12.18536960731359 -23.57782962876464 19.26987 20.09306 18.731518 19.590773 9.178602 32.165676 1.6265744 3.471754 5.7001996 0.96114075 0.97365487 0.98517716 686.43225 322.17218 64.289635 0.0 0.0 0.0 0.0057884604 0.0001970859 0.05487321 0.10052507 0.10742941 0.15467297 0.92342645 0.90064543 0.7144376 12.0 9.0 14.0 0.4394507345849221 True 1.3351938940760713 
12.21108802653223 -23.53736203771335 19.615108 20.764088 18.869434 14.254644 4.947265 28.328665 2.0183022 5.8153706 11.557054 0.9609533 0.97352695 0.98510474 1650.9329 639.6127 270.6869 0.0 0.0 0.0 0.0032829207 0.07133764 0.029361673 0.00039930854 0.00011727162 0.00010376874 0.99879915 0.8908331 0.99840856 11.0 8.0 18.0 0.4160159824518517 True 1.366391257123066 
12.41714827757137 -23.53326895131211 19.902718 21.571518 19.067917 10.937378 2.351758 23.59571 0.95263195 4.4304285 9.557967 0.95975685 0.9727103 0.98464245 1860.7672 741.5987 256.92484 0.0 0.0 0.0 0.0029876668 0.0025436098 0.0072221626 0.0008336396 0.00033645384 0.0007145108 0.9596081 0.91231513 0.9999609 16.0 9.0 19.0 0.4100016630915255 True 1.3264831368376462 
12.22315969615032 -23.40696414259398 19.83189 20.691658 19.31532 11.674649 5.2885504 18.787653 0.91492146 2.0197194 3.250272 0.9560897 0.9702051 0.98322314 775.0375 354.9542 102.82024 0.0 0.0 0.0 0.010531326 0.003272555 0.04257512 0.0003157798 0.002044641 0.00043317472 0.88135016 0.87951297 0.84209055 14.0 8.0 16.0 0.3809353581064854 True 1.4884910736526635 
12.43785596949322 -23.6201530074997 17.709112 18.031761 17.51651 82.4812 61.276672 98.49081 5.5453362 7.464276 8.913093 0.96003187 0.97289807 0.9847487 246.3061 130.77515 53.390755 0.0 0.0 0.0 0.026196484 0.0022983497 0.0025831673 0.10441906 0.07150096 0.04406429 0.89122754 0.9143008 0.9481995 15.0 9.0 18.0 0.4645457679246316 True 1.237646002747878 
12.39998601525792 -23.6322542289176 19.529224 21.335535 18.573284 15.428028 2.9227126 37.21226 0.9118463 4.8133335 11.609715 0.9581077 0.97158414 0.9840046 1110.7253 410.51547 145.20018 0.0 0.0 0.0 0.026396323 0.024722155 0.025139747 0.019610446 0.011161809 0.0053393245 0.8231797 0.80194086 0.894072 14.0 8.0 17.0 0.449682571750815 True 1.2318140712011056 
12.18151625451966 -23.40057453340727 19.638481 20.118273 19.332016 13.951062 8.967905 18.500921 2.136662 3.323932 4.4079657 0.9538315 0.96866095 0.9823475 1011.0333 511.4036 161.28473 0.0 0.0 0.0 0.0033524206 0.0024771264 0.010168576 0.00028098215 0.00010737566 0.00042066377 0.99999905 0.9999991 0.9999988 16.0 9.0 18.0 0.366700591043358 True 1.505246577909904 
12.33130655520983 -23.48146918348766 19.322084 21.139065 18.334816 18.670958 3.5024664 46.352573 1.0059887 5.362727 13.313522 0.95935655 0.97243696 0.98448765 1110.47 438.39142 133.74565 0.0 0.0 0.0 0.03436068 0.030613989 0.02168552 0.023525624 0.0054448023 0.0030622839 0.9948857 0.99509037 0.9431112 17.0 10.0 18.0 0.3964554308310128 True 1.392269281307066 
12.42648666662052 -23.45107018062575 19.296177 20.214085 18.698168 19.121805 8.210441 33.16902 2.7037222 6.296866 10.922655 0.9601172 0.97295636 0.98478174 1104.2289 445.92572 219.46411 0.0 0.0 0.0 0.04025219 0.07201536 0.005480163 0.00022044165 6.085711e-05 8.575684e-05 0.92930335 0.87679523 0.99834615 13.0 7.0 17.0 0.3840450847713302 True 1.406343446858459 
12.13219811647445 -23.61192106511325 19.891018 20.429453 19.559675 11.055875 6.733156 15.001346 1.3265991 2.1782823 2.9556382 0.9619079 0.9741783 0.98547333 500.60223 268.5175 104.43708 0.0 0.0 0.0 0.00487186 0.004557978 0.007914571 0.0015621624 0.0008550095 0.0010075773 0.7770068 0.99905825 0.99860734 7.0 6.0 16.0 0.4698419290817176 True 1.319833889011338 
12.14564024711077 -23.59093312971845 18.884941 19.768309 18.209728 27.926973 12.378751 52.012646 3.3784723 7.621973 14.195559 0.9616802 0.974023 0.9853855 998.32574 473.65305 61.171246 0.0 0.0 0.0 0.014664528 0.0018916737 0.002667092 0.008832593 0.0041880943 0.0012432766 0.9292917 0.99984246 0.99974537 12.0 9.0 10.0 0.4698419290817176 True 1.335079553939663 
12.0528831104813 -23.53674362464926 19.508509 20.023941 19.107084 15.725221 9.781913 22.759703 2.0416963 3.2821927 4.750441 0.9588288 0.97207665 0.98428357 706.97034 351.8055 139.52402 0.0 0.0 0.0 0.0041190046 0.0028420165 0.0069967443 0.0058454634 0.0044842656 0.0027163338 0.9991002 0.85480344 0.93648356 9.0 6.0 15.0 0.4315567353175855 True 1.4169691722820037 
12.23937812779462 -23.48722471815637 18.943714 20.782202 17.896133 26.45539 4.8654046 69.42994 0.9978866 5.4259577 14.239968 0.9607937 0.97341806 0.9850431 673.22003 265.5597 81.44466 0.0 0.0 0.0 0.07738438 0.07092654 0.072080046 0.048070118 0.016616771 0.017036831 0.8777431 0.9060788 0.94582075 13.0 10.0 19.0 0.3984037968602093 True 1.40712057461843 
12.31555038534023 -23.61950681315635 19.55679 20.63338 18.785812 15.041257 5.5801725 30.59674 1.8195604 4.904593 9.976863 0.9568509 0.9707254 0.98351806 1450.4111 652.34033 110.57228 0.0 0.0 0.0 0.014707144 0.0023763773 0.0059078443 0.00032260455 0.0002979244 0.00067905406 0.9374747 0.9000209 0.6584898 15.0 9.0 11.0 0.4563978785613288 True 1.2611675752654872 
12.10085495931487 -23.58754643071021 19.50424 20.477694 18.785595 15.787164 6.440549 30.602882 2.3610015 5.7873197 11.218523 0.96094775 0.9735232 0.9851026 1701.3662 739.0186 83.443695 0.0 0.0 0.0 0.0076170787 0.0017008613 0.11239675 0.0003962723 0.00021394446 0.00025971886 0.9999858 0.90631014 0.91207016 13.0 9.0 10.0 0.4501577855659459 True 1.35312716835612 
12.5292843239083 -23.6069923589848 19.927004 20.49709 19.503508 10.69544 6.326511 15.7978 1.5987865 2.7028682 3.9922967 0.9582839 0.9717045 0.98407274 848.68005 557.50824 193.33734 0.0 0.0 0.0 0.0062465845 0.0003344153 0.000721782 0.24772617 0.20816928 0.27738973 0.68755454 0.8888652 0.94443935 11.0 8.0 17.0 0.4093885985521409 True 1.2400577672853588 
12.81879741797914 -23.63275922110996 19.784555 20.827688 19.120422 12.194892 4.665785 22.48179 0.6003308 1.5690757 2.892656 0.95782894 0.9713937 0.98389673 356.04758 179.66623 116.98577 0.0 0.0 0.0 0.10752765 0.03096719 0.035151746 0.08038554 0.05009837 0.026999116 0.8344538 0.7605641 0.89012444 11.0 6.0 26.0 0.3516182078796089 True 1.218158324749583 
12.04143940084495 -23.59558903607168 19.743397 21.500162 18.855473 12.666045 2.5115118 28.695322 0.98802686 4.982813 11.288718 0.95817065 0.9716271 0.98402894 1687.529 707.22046 181.80817 0.0 0.0 0.0 0.0045628035 0.003776676 0.030757893 7.1521776e-05 2.5264148e-05 8.732914e-05 0.99971855 0.9997721 0.8532075 12.0 9.0 16.0 0.4830342233502692 True 1.367150797780641 
12.07179911198876 -23.47180265936621 19.547762 20.061422 19.170015 15.166835 9.44999 21.477987 4.872329 7.8198824 11.073856 0.9585652 0.9718966 0.9841816 1491.7738 908.20276 367.1661 0.0 0.0 0.0 0.0024117704 0.0021683662 0.032874435 0.0006334483 0.0009825266 0.0036209982 0.9999243 0.99991715 0.94726783 9.0 8.0 18.0 0.4011570533848803 True 1.470691508977795 
12.11847125859484 -23.56054036866562 19.717245 20.086246 19.488432 12.974831 9.236374 16.018711 3.3700266 4.734057 5.8446617 0.9606445 0.97331625 0.9849855 992.88513 576.4327 224.08754 0.0 0.0 0.0 0.0014482803 0.0011118962 0.002186876 0.0039447667 0.0028647832 0.006644105 0.83334696 0.8888889 0.9000926 10.0 8.0 18.0 0.4501577855659459 True 1.3723612480937033 
12.61253418949969 -23.5847920937501 19.733004 20.688547 18.96613 12.787877 5.3037267 25.91483 0.8482665 2.0452652 4.1447616 0.95350224 0.9684357 0.9822197 907.3218 422.49905 48.625347 0.0 0.0 0.0 0.009056891 0.018810969 0.0033175044 0.037663214 0.01764257 0.004997841 0.9374608 0.8999716 0.89996743 15.0 9.0 9.0 0.3716770108029649 True 1.2574844246711507 
12.33791572043745 -23.63957889814557 18.397293 19.123983 17.9344 43.760536 22.40819 67.02548 1.6382056 3.1992214 4.900062 0.9559372 0.97010094 0.9831641 258.64362 100.65559 39.076664 0.0 0.0 0.0 0.014627842 0.012589914 0.01501656 0.046330947 0.024631662 0.011185853 0.9318946 0.8738357 0.93973196 14.0 7.0 16.0 0.4783125462972135 True 1.23673862474394 
12.40298712819668 -23.58630409195463 19.948143 21.208656 19.019407 10.489212 3.2850142 24.673851 1.1088898 3.5407398 8.328909 0.95921236 0.97233856 0.9844319 1040.1067 722.7108 79.68891 0.0 0.0 0.0 0.09253806 0.0045172404 0.0056226784 0.010318368 0.0051886803 0.005283913 0.75767446 0.9591413 0.88945913 10.0 9.0 8.0 0.449682571750815 True 1.2764724066397464 
12.58180415543067 -23.49438986252311 19.42293 20.116926 19.00608 17.014837 8.979031 24.978584 2.0848658 3.950722 5.799846 0.95593166 0.9700971 0.9831619 944.9483 453.20337 157.66142 0.0 0.0 0.0 0.0035155902 0.0019244261 0.007101006 0.00013399705 2.7807868e-05 7.651765e-05 0.99995583 0.9999675 0.99993455 15.0 9.0 18.0 0.3651752445525626 True 1.348959734192858 
11.96217913890269 -23.62712904780184 19.90028 20.248913 19.758905 10.961947 7.951247 12.486407 3.2925844 4.5393047 5.1705785 0.9520885 0.9674682 0.98167074 1817.1279 1019.6769 211.96323 0.0 0.0 0.0 0.014003352 0.020132305 0.019464884 0.005061668 0.007756615 0.05043621 0.99989694 0.9999039 0.7804797 14.0 11.0 16.0 0.4856977053019652 True 1.370505657872546 
12.44865354099826 -23.58207203317339 19.757566 20.745214 19.156557 12.501824 5.03401 21.74587 1.6065935 3.9899304 6.9401484 0.9605543 0.9732547 0.9849506 1314.9316 707.4239 85.344955 0.0 0.0 0.0 0.0029096878 0.0020407487 0.0030311816 -0.0013588156 0.0031239067 0.01632556 0.87440515 0.9431452 0.99839044 14.0 9.0 9.0 0.4236760324911865 True 1.2737458563528816 
12.04498694899626 -23.49624004087767 19.9647 21.000872 19.353348 10.330462 3.9778738 18.140985 0.97260237 2.5258296 4.435527 0.9589643 0.97216916 0.98433596 908.65454 431.91125 137.8684 0.0 0.0 0.0 0.0014608838 0.0011044635 0.07595359 0.022998864 0.00803398 0.0031135627 0.9192535 0.87631774 0.9652523 10.0 7.0 17.0 0.4315567353175855 True 1.45718601084304 
12.20222105292602 -23.60215870890404 19.419222 20.500898 18.654537 17.073051 6.30436 34.52906 1.4826418 4.015193 8.120449 0.9607453 0.97338504 0.9850244 647.1353 339.9786 118.65556 0.0 0.0 0.0 0.004629545 0.0043439097 0.018115656 0.03985255 0.010606319 0.005883908 0.6677044 0.7032873 0.8509969 8.0 7.0 17.0 0.459331931304954 True 1.3071766696805218 
11.96647590518636 -23.60066317146255 19.901657 20.577534 19.51914 10.948066 5.874707 15.571969 1.1965137 2.229815 3.1715748 0.9537096 0.96857756 0.9823002 904.83136 510.77972 52.909718 0.0 0.0 0.0 0.008517534 0.005678231 0.007180263 0.04038913 0.020195011 0.007642873 0.9831649 0.97921634 0.8369156 11.0 10.0 11.0 0.4856977053019652 True 1.3922826544415865 
12.06997690167036 -23.59789165544489 18.914183 20.184055 18.189445 27.18483 8.440695 52.993435 2.461039 7.9262342 15.451205 0.9597988 0.972739 0.98465866 730.37286 349.248 131.63063 0.0 0.0 0.0 0.00680098 0.0065916884 0.04311485 0.0021484962 0.0006575644 0.009293973 0.89514333 0.7991747 0.94371307 9.0 8.0 18.0 0.4830342233502692 True 1.3544822351935082 
12.02789595926527 -23.55674994191029 18.789719 19.513046 18.31417 30.486837 15.659621 47.24238 2.4171696 4.7058516 7.2921834 0.9579731 0.9714922 0.9839525 508.18994 253.11813 82.510796 0.0 0.0 0.0 0.013953536 0.012695261 0.021390613 0.047395118 0.027264288 0.016642626 0.99704325 0.9811367 0.99492246 12.0 9.0 19.0 0.4615552194493463 True 1.407733878453903 
12.54063750591204 -23.55002971427513 18.720442 19.793379 17.887985 32.495502 12.096193 69.95289 1.8463216 4.9600024 10.67737 0.9560584 0.9701838 0.98321104 529.5047 211.30911 77.61121 0.0 0.0 0.0 0.0022428336 0.0020582685 0.041806918 0.0645568 0.03343239 0.021410013 0.9374151 0.99993217 0.94436836 15.0 8.0 17.0 0.4015529295447968 True 1.2959031942896082 
12.14243801745338 -23.42028615378725 18.63698 19.644909 17.934942 35.09201 13.868731 66.992004 2.8066711 7.1017118 13.557442 0.95571804 0.9699511 0.98307914 829.6777 374.4363 47.528873 0.0 0.0 0.0 0.0027081014 0.001739224 0.0022349483 0.055186056 0.019381322 0.00209068 0.9459052 0.9909825 0.9090837 15.0 10.0 10.0 0.3789397907022188 True 1.4972469073579244 
12.12145310311973 -23.43361373655467 19.411972 20.333086 18.715742 17.187431 7.3581038 32.636482 2.5660582 5.9939284 11.381616 0.95721376 0.9709734 0.98365855 1368.7606 652.5204 239.25151 0.0 0.0 0.0 0.08367196 0.06450523 0.043783788 8.016959e-06 3.1883499e-06 3.3857507e-06 0.9457218 0.9994926 0.99879426 13.0 9.0 19.0 0.3789397907022188 True 1.4907995742612103 
12.23001796599305 -23.38317512380342 19.178751 20.544966 18.37809 21.305902 6.0536027 44.541428 1.170276 4.1188345 8.610702 0.9550002 0.9694603 0.98280084 698.60583 283.93475 110.06914 0.0 0.0 0.0 0.004171058 0.0020216166 0.014209184 0.0031669838 0.0006054971 0.00049053074 0.999052 0.8745001 0.94339836 14.0 7.0 17.0 0.3556117962212503 True 1.5098128719606334 
12.15776295120325 -23.44762398114998 19.875616 20.60982 19.336273 11.213821 5.7025943 18.428518 1.9464124 3.8275073 6.2900314 0.95787 0.9714217 0.9839126 1163.293 615.2644 226.05289 0.0 0.0 0.0 0.0027875013 0.002300329 0.0049492912 0.0008389673 0.0003358044 0.00075949053 0.99962634 0.99968606 0.9993175 9.0 7.0 16.0 0.3789397907022188 True 1.4668530898736043 
12.2642526960113 -23.43250831246639 19.109322 20.090755 18.473873 22.71283 9.198094 40.780304 1.4569585 3.5976639 6.459513 0.95864487 0.971951 0.9842124 631.3927 290.21753 96.0088 0.0 0.0 0.0 0.0041430336 0.0036552725 0.08113239 0.056873027 0.024467535 0.00533674 0.97824764 0.99999344 0.9825696 13.0 8.0 17.0 0.3689191391455025 True 1.4541069378428055 
11.95469169739089 -23.57858865779095 19.770123 20.16665 19.560526 12.358089 8.5770855 14.989592 3.4583635 4.9829006 6.0439477 0.9544164 0.969061 0.98257446 1437.4086 911.9902 155.58958 0.0 0.0 0.0 0.005706059 0.005009592 0.13008988 0.006571089 0.003954086 0.016294375 0.94005394 0.99999964 0.68998593 12.0 10.0 14.0 0.4856977053019652 True 1.416902915563047 
12.10026891039788 -23.49909147978197 19.96518 20.96387 19.270767 10.325904 4.1157784 19.574612 2.026369 5.0838723 9.637396 0.958615 0.9719306 0.9842009 2233.1484 1045.0449 351.18057 0.0 0.0 0.0 0.0016199915 0.0014494229 0.02701482 0.019745886 0.0071566077 0.009151755 0.91844654 0.900139 0.95004064 12.0 9.0 19.0 0.4011570533848803 True 1.4358057241576447 
12.24207242261307 -23.48874730891905 19.063368 20.328728 18.241375 23.69479 7.3877006 50.518467 2.246691 7.2058783 15.363289 0.9607753 0.9734055 0.98503596 963.47705 432.8047 143.80278 0.0 0.0 0.0 0.0578494 0.014700006 0.0075838384 0.03208657 0.018431652 0.028385943 0.9171512 0.8804233 0.9055943 14.0 10.0 18.0 0.3984037968602093 True 1.4049853781767168 
12.33606313789482 -23.60927743426344 19.71898 20.998695 18.96738 12.954113 3.985858 25.88497 0.7785638 2.5303469 5.056151 0.95656216 0.97052807 0.9834062 660.26526 306.59644 115.95574 0.0 0.0 0.0 0.004020508 0.0029194218 0.0045913598 0.040736917 0.014734 0.010140619 0.9159055 0.87452877 0.9391549 11.0 7.0 16.0 0.4563978785613288 True 1.2666174736387894 
12.16699996273601 -23.51631973045039 19.99387 20.663624 19.470116 10.056623 5.4268875 16.291216 1.5615324 2.8936923 4.687634 0.96057594 0.97326946 0.98495895 1201.7551 615.98065 212.46576 0.0 0.0 0.0 0.0031805052 0.0025984342 0.011717973 3.7286016e-05 0.00057450886 0.0003255279 0.86190903 0.8876024 0.94217134 10.0 8.0 17.0 0.4200314688905403 True 1.3989192260350591 
12.25111225499253 -23.48734609359468 19.480944 21.322706 18.338219 16.129557 2.9574492 46.20751 0.7570183 4.128683 11.827738 0.9606417 0.9733143 0.98498434 1392.0007 557.58826 175.34328 0.0 0.0 0.0 0.00066038163 8.791705e-05 0.00027675132 0.021257576 0.013916878 0.013180278 0.8666791 0.9 0.94736844 13.0 9.0 18.0 0.3984037968602093 True 1.4041245196709362 
12.35666712616282 -23.47944991160063 19.427044 21.218628 18.45918 16.950493 3.254982 41.335945 1.1624004 6.053262 14.761655 0.9595704 0.97258306 0.9845704 1235.9453 477.96313 181.7747 0.0 0.0 0.0 0.00555174 0.027449088 0.0021866255 1.4779378 0.43260002 0.39378712 0.8481641 0.82288915 0.90187997 15.0 9.0 18.0 0.3964554308310128 True 1.3894720273215209 
12.29426083170605 -23.40638350825179 18.19901 19.317795 17.420507 52.52854 18.74484 107.59623 3.1655798 8.870883 18.17057 0.9578175 0.9713859 0.98389226 325.04907 120.89262 59.20058 0.0 0.0 0.0 0.09936467 0.12894502 0.050983623 0.0568052 0.019605301 0.0014106957 0.9042227 0.851875 0.92987216 15.0 8.0 17.0 0.3689191391455025 True 1.473018669330381 
12.35209730085286 -23.62521866558939 19.9578 20.633158 19.537891 10.396333 5.581318 15.305345 1.7964067 3.3461707 4.9261885 0.9563237 0.9703651 0.9833138 1505.228 725.31116 241.29648 0.0 0.0 0.0 0.015844502 0.08117831 0.003861696 0.00942459 0.006238384 0.005428729 0.99997044 0.99971604 0.9999656 16.0 10.0 19.0 0.4783125462972135 True 1.2477522206144172 
12.2433842587469 -23.4428917168338 18.518482 19.488464 17.911234 39.13876 16.018215 68.47102 2.58168 6.308053 11.035579 0.9591006 0.97226226 0.9843887 356.45877 206.60547 89.80915 0.0 0.0 0.0 0.00088994595 0.000741473 0.0026393852 0.047366098 0.021003306 0.011471307 0.80434114 0.87554395 0.94118637 8.0 7.0 16.0 0.3809353581064854 True 1.448914537525085 
12.09439909706634 -23.6125458259176 19.446722 20.149265 18.974403 16.646053 8.715537 25.718079 2.0647385 3.9435034 6.092695 0.9611836 0.97368413 0.9851937 704.7959 376.34155 143.28047 0.0 0.0 0.0 0.0031781278 0.0027897311 0.0054874723 2.0722493e-06 1.4560743e-06 1.0223189e-05 0.9994559 0.9994976 0.9989669 8.0 7.0 17.0 0.5044194318297868 True 1.3322236457733645 
12.63683207674403 -23.55817382211227 18.829473 20.011929 18.089437 29.390768 9.890731 58.106586 2.3572407 7.0046506 13.848442 0.9552687 0.9696439 0.982905 832.1607 327.44193 135.2783 0.0 0.0 0.0 0.0012950015 0.0027671612 0.013157167 0.00014148062 5.3809443e-05 0.00010931238 0.9374978 0.8888876 0.9999936 15.0 8.0 17.0 0.3716770108029649 True 1.2836043210440535 
12.3421296553735 -23.45357003863791 19.606493 20.207094 19.265518 14.368224 8.263472 19.669462 2.1951995 3.8169334 5.2252126 0.9593304 0.97241914 0.9844775 1139.0132 565.76025 181.40086 0.0 0.0 0.0 0.005883207 0.0030787673 0.049242396 0.023576656 0.013102278 0.00888084 0.8156034 0.8785842 0.8957813 14.0 9.0 17.0 0.3964554308310128 True 1.4175060879275758 
12.70656790820135 -23.61512764426061 19.53429 20.364998 18.887033 15.356197 7.1449747 27.873203 1.48815 3.1983771 5.8054094 0.95321596 0.9682398 0.9821086 725.8254 362.10843 144.16109 0.0 0.0 0.0 0.009151635 0.00086711545 0.002253638 0.010011035 0.003728432 0.004654106 0.9999999 1.0000001 1.0 11.0 7.0 16.0 0.3829450036297162 True 1.2274407286811888 
12.35432155976039 -23.41025820267307 19.463997 20.72518 18.703968 16.383305 5.1277614 32.992336 1.2217884 3.9036393 7.861062 0.9590056 0.97219735 0.98435193 874.3504 422.83765 146.07214 0.0 0.0 0.0 0.054483235 0.001559141 0.03202901 0.05690057 0.026353437 0.013014106 0.89012706 0.9997633 0.9426832 13.0 8.0 17.0 0.3626584621023291 True 1.457803510088747 
11.94141334062579 -23.61733212989557 19.820532 20.78753 19.083122 11.797433 4.8415823 23.267553 1.0676606 2.6015575 5.130936 0.9512312 0.96688133 0.9813376 1060.1366 458.4761 155.70093 0.0 0.0 0.0 0.0023447156 0.0026184197 0.0016395415 0.03475796 0.015347342 0.0045332895 0.7912951 0.7385729 0.9045565 11.0 8.0 19.0 0.4856977053019652 True 1.388079859405016 
12.2954728578086 -23.57393745876918 19.183699 20.560297 18.431402 21.209007 5.9687223 42.40718 2.1492574 7.637081 15.270261 0.95830834 0.9717212 0.9840822 1392.3168 625.4199 223.23766 0.0 0.0 0.0 0.0019751082 0.0062126843 0.033791393 0.0026096802 0.0019089391 0.002084364 0.9381437 0.9894635 0.97736937 15.0 10.0 20.0 0.4563978785613288 True 1.3099125810007093 
12.10629083963705 -23.58182469160295 19.864403 20.860079 19.099785 11.33024 4.5286446 22.913218 2.0669017 5.171192 10.457736 0.96092755 0.9735094 0.9850948 2276.8416 1096.2803 121.20502 0.0 0.0 0.0 0.0041002543 0.0028686223 0.052584436 0.00036576283 9.803514e-05 0.0001283169 0.9993407 0.9996501 0.9159526 13.0 10.0 10.0 0.4501577855659459 True 1.356584739499431 
12.48377139104631 -23.41743358674111 19.957357 21.495386 19.050468 10.400566 2.5225842 23.977995 0.90900505 3.7478101 8.640392 0.959832 0.97276163 0.9846715 1412.6693 692.77985 82.07591 0.0 0.0 0.0 0.018576521 0.009508547 0.007695981 0.00025886347 5.730364e-05 5.379532e-05 0.9998659 0.9998775 0.9998397 13.0 9.0 9.0 0.3524129865247732 True 1.432899127767561 
12.06178249859641 -23.57788029379128 19.297773 20.011784 18.7213 19.093708 9.892064 32.46983 3.0758905 5.937098 10.09634 0.958887 0.97211635 0.9843061 964.63086 575.10156 101.47691 0.0 0.0 0.0 0.013193429 0.015577706 0.12500869 0.0015468019 0.0038545716 0.0071059414 0.8878498 0.9651342 0.6820271 10.0 9.0 12.0 0.4501577855659459 True 1.3758645208655689 
12.21678413935469 -23.47260289835181 19.127758 20.921898 18.155329 22.330404 4.2780027 54.685 1.3560015 7.0780835 17.333542 0.9607511 0.97338897 0.98502666 1279.7004 477.86365 155.65083 0.0 0.0 0.0 0.003964709 0.0036081253 0.00419933 0.009289227 0.0019141394 0.001119102 0.9999601 0.99996555 0.9999557 13.0 10.0 19.0 0.3809353581064854 True 1.4269139466757077 
12.50215551782882 -23.57034838761432 19.234138 20.369247 18.572182 20.246243 7.1170616 37.250072 1.82791 5.199942 9.56712 0.95840514 0.9717873 0.98411965 587.1941 257.1437 105.3647 0.0 0.0 0.0 0.05207518 0.07254927 0.08390962 0.035913054 0.010200657 0.003073088 0.9791255 0.87147504 0.9784581 14.0 8.0 17.0 0.4015529295447968 True 1.279038702934606 
12.55366227175993 -23.50176038758553 19.295597 20.133871 18.708088 19.132027 8.8399935 32.86735 2.8377578 6.1416407 10.550866 0.9557134 0.9699479 0.98307735 791.083 411.67072 200.00912 0.0 0.0 0.0 0.033792976 0.016067713 0.0031219765 0.013524928 0.0042490996 0.0073367706 0.89254314 0.7733132 0.9382563 13.0 7.0 17.0 0.3651752445525626 True 1.343141112754769 
12.15186653809031 -23.46942506449265 19.914713 21.69832 19.01118 10.817198 2.09253 24.861523 0.9909149 5.12247 11.773141 0.95889115 0.9721192 0.9843077 2672.9153 1065.0573 328.05276 0.0 0.0 0.0 0.0059997793 0.0002785085 0.000786363 0.018523889 0.003318508 0.0036228567 0.9285715 0.9090908 0.9500001 13.0 10.0 19.0 0.3968432079944102 True 1.4478420578459188 
