RA DEC MAG_R MAG_G MAG_Z FLUX_R FLUX_G FLUX_Z FIBERFLUX_G FIBERFLUX_R FIBERFLUX_Z MW_TRANSMISSION_G MW_TRANSMISSION_R MW_TRANSMISSION_Z FLUX_IVAR_G FLUX_IVAR_R FLUX_IVAR_Z GAIA_PHOT_G_MEAN_MAG GAIA_PHOT_G_MEAN_MAG_1 MASKBITS FRACMASKED_G FRACMASKED_R FRACMASKED_Z FRACFLUX_G FRACFLUX_R FRACFLUX_Z FRACIN_G FRACIN_R FRACIN_Z NOBS_G NOBS_R NOBS_Z PROB LOCAL SEP 0
11.40554585578502 -24.95674740507002 18.75636 19.748772 18.070799 31.438084 12.6035 59.112614 3.1006694 7.7342877 14.54268 0.9486903 0.9651408 0.98034906 1016.6606 560.46875 131.87708 0.0 0.0 0.0 0.0009264885 0.018728463 0.03154504 0.0003170468 0.00026524483 0.00018473298 0.9999654 0.999962 0.955538 13.0 13.0 20.0 0.3894224542034158 True 1.1388383763012937 
11.40298139146332 -24.7862887498186 19.734407 20.249582 19.35565 12.771348 7.946338 18.102564 2.4097085 3.8728814 5.48956 0.9459324 0.9632499 0.9792743 1039.0808 650.0915 177.82042 0.0 0.0 0.0 0.005539534 0.057898387 0.002506193 0.0052676713 0.0069855414 0.0048658866 0.8301399 0.83316296 0.94736856 10.0 10.0 18.0 0.4126777393841212 True 1.1382488668829378 
11.42243940767802 -24.50642788446835 19.939938 21.68747 18.986635 10.568788 2.1135485 25.429985 0.7715122 3.8579426 9.282751 0.94306254 0.9612804 0.97815377 1527.7839 781.16626 174.51524 0.0 0.0 0.0 0.0054239575 0.016617168 0.007605712 0.0002520733 8.664241e-05 2.0957168e-05 0.9999489 0.99994904 0.99995273 12.0 12.0 18.0 0.444523930129217 True 1.1707692690616749 
11.42178043286993 -24.84314090465879 18.058426 18.787333 17.473412 59.790134 30.553913 102.47914 4.1072097 8.037288 13.775758 0.9451697 0.9627267 0.9789767 460.1468 281.93262 74.658264 0.0 0.0 0.0 0.024283336 0.011312404 0.00080564304 0.00049875083 0.0007442188 0.0008166382 0.9590674 0.9849214 0.9942011 12.0 12.0 19.0 0.431334717498132 True 1.1193210033796503 
11.39096975957428 -24.57285283010351 18.994282 20.164387 18.220587 25.251497 8.594983 51.495052 1.5766003 4.631948 9.445872 0.94516 0.96272004 0.9789729 742.33936 406.95267 95.10947 0.0 0.0 0.0 0.0016224766 0.016606115 0.0015038513 0.00038978748 0.00014886446 0.00013768897 0.9171175 0.9166654 0.9999983 11.0 11.0 19.0 0.418757740153781 True 1.1807785280320942 
11.41829201368962 -24.533674099443 19.7645 21.062937 18.93285 12.422241 3.7568607 26.721468 1.0269305 3.395595 7.3042603 0.9433866 0.9615029 0.9782804 1253.3005 635.6624 159.38123 0.0 0.0 0.0 0.0017413148 0.020717334 0.0013553003 0.016250232 0.01621242 0.0023942243 0.9167373 0.771082 0.950841 11.0 10.0 19.0 0.444523930129217 True 1.1666645862378748 
11.40255662555669 -25.33748210313185 19.833817 21.634962 18.416805 11.65396 2.218275 42.981133 0.46106 2.422231 8.933463 0.9537272 0.9685896 0.982307 650.64996 344.40097 78.775215 0.0 0.0 0.0 0.019361204 0.01919641 0.01990779 0.07333094 0.028622294 0.010504316 0.84614474 0.8461505 0.9523711 11.0 11.0 20.0 0.3591858879252915 True 1.2359886996053544 
11.32842100835647 -24.85305161027664 19.744192 20.695665 19.094841 12.656775 5.2690697 23.017801 1.8407096 4.421549 8.041095 0.94907033 0.96540123 0.980497 1648.0599 943.42535 222.42513 0.0 0.0 0.0 0.009994774 0.008744777 0.0037660848 0.019507369 0.017582828 0.009725448 0.99973947 0.99974597 0.99969673 13.0 13.0 20.0 0.385517479638328 True 1.203997488996732 
11.36389781015479 -24.96111892100034 19.596483 21.282957 18.684662 14.501298 3.067732 33.584236 0.8600653 4.065564 9.415631 0.9490615 0.9653952 0.9804936 1032.0831 514.5207 123.32641 0.0 0.0 0.0 0.029096585 0.028815834 0.029526621 0.084366076 0.025953237 0.0042368625 0.8247332 0.7963468 0.94532293 12.0 12.0 21.0 0.3894224542034158 True 1.1768048271342406 
11.42161366142334 -24.49800501157669 19.533747 20.829153 18.573425 15.363898 4.659493 37.207417 1.2829509 4.2303157 10.244739 0.9430165 0.9612488 0.9781358 1110.8868 566.4252 128.74387 0.0 0.0 0.0 0.019390598 0.08935409 0.0497928 0.005563884 0.004119785 0.0024695748 0.9198228 0.92710996 0.90113646 12.0 12.0 18.0 0.444523930129217 True 1.1739991783564254 
11.31700555987678 -24.81252658628156 19.781794 20.66046 19.199688 12.225945 5.4427257 20.898954 1.7267725 3.8788333 6.630454 0.9493753 0.96561015 0.98061574 1153.5187 630.614 177.36432 0.0 0.0 0.0 0.0030223802 0.019686041 0.0025658654 0.0045258366 0.005322017 0.0072872397 0.7499971 0.8181784 0.78865194 9.0 9.0 15.0 0.385517479638328 True 1.2150489201225154 
11.38927495875466 -24.82967658338403 19.956936 21.321163 19.015785 10.404599 2.9616585 24.756296 1.1293207 3.9674156 9.439914 0.9466753 0.9637595 0.979564 1665.1743 867.5595 219.46713 0.0 0.0 0.0 0.003363934 0.0021584646 0.002103501 0.010292661 0.010598418 0.00667336 0.91666657 0.9166666 0.94736844 11.0 11.0 18.0 0.431334717498132 True 1.1490050205735698 
11.42877246493026 -24.61731474397081 19.830935 20.130888 19.549389 11.684927 8.864305 15.144137 3.0790615 4.0588193 5.2603936 0.94500005 0.9626103 0.9789105 1086.4199 786.1207 210.8196 0.0 0.0 0.0 0.0023859844 0.08138736 0.0022768567 0.013581086 0.014053351 0.008920922 0.8336345 0.9163334 1.0 10.0 11.0 19.0 0.4408265789035599 True 1.1373447429662586 
11.42337280953759 -24.68494477718941 19.755161 20.67265 19.08065 12.529542 5.3819594 23.320602 1.4352359 3.3413198 6.2190294 0.94429654 0.9621275 0.97863585 1219.3531 731.89777 172.10263 0.0 0.0 0.0 0.0020031154 0.01754307 0.016423462 0.042777136 0.01983279 -0.0014041332 0.85709 0.85709035 0.9523089 12.0 12.0 20.0 0.438537301374185 True 1.1302184795627983 
11.36786953265657 -24.79700365432069 19.837267 20.233437 19.552902 11.616978 8.065383 15.095211 4.2515574 6.123732 7.957236 0.9476049 0.9643969 0.97992635 1568.766 1070.4044 352.83588 0.0 0.0 0.0 0.082542114 0.06232173 0.0024414577 0.0037150413 0.0031323612 0.0029172422 0.895024 0.8333333 0.9473683 11.0 10.0 18.0 0.4126777393841212 True 1.1695303956998664 
11.3389565527282 -24.98805492839464 19.194197 20.201208 18.470675 21.00493 8.308392 40.90066 2.4226928 6.124952 11.926466 0.9473818 0.9642439 0.9798394 1162.4572 630.82544 152.29382 0.0 0.0 0.0 0.00058872986 0.000628915 0.040074743 0.018202234 0.009731156 0.0045615076 0.9304085 0.85899895 0.8989393 12.0 12.0 18.0 0.3585307335496409 True 1.2020241450326157 
11.39303533125654 -24.60123957571853 19.51893 20.723637 18.683393 15.574989 5.135058 33.623478 1.4725134 4.466236 9.641766 0.9460857 0.96335506 0.97933406 888.3486 549.0781 136.37877 0.0 0.0 0.0 0.07737672 0.001451279 0.0014447651 0.016475387 0.006650028 0.020814884 0.83344626 0.8333166 0.9473689 10.0 10.0 18.0 0.4185458281083732 True 1.172547979379966 
11.4420447226187 -24.83903454333113 19.933464 21.665068 19.033026 10.631982 2.1576104 24.366285 1.0201728 5.02707 11.520996 0.9442098 0.96206796 0.978602 1936.5544 936.63776 261.06946 0.0 0.0 0.0 0.0033071216 0.0016886331 0.001851296 0.011659158 0.003520248 0.0015824009 0.9166666 0.9166667 0.9473685 11.0 11.0 18.0 0.431334717498132 True 1.100970647881845 
11.43946742516918 -24.73161968750341 19.15159 19.937439 18.479786 21.845604 10.593124 40.558846 3.039703 6.268608 11.638384 0.9430565 0.9612763 0.97815144 1083.8595 648.14777 190.4338 0.0 0.0 0.0 0.062170256 0.12054936 0.02311914 0.0024550906 0.0012357275 0.00058643427 0.8626874 0.86750007 0.91174686 11.0 11.0 19.0 0.4362665495364032 True 1.1097318472555118 
11.46379653958178 -24.3813325568745 19.624023 20.237663 19.23671 14.138092 8.03406 20.198349 2.4528906 4.3165216 6.1667876 0.9319636 0.9536448 0.9738002 1062.2437 561.89606 87.33182 0.0 0.0 0.0 0.014869814 0.06053909 0.051916257 0.00069227023 0.00042094692 0.00018546313 0.89306164 0.8181297 0.67820865 11.0 9.0 10.0 0.4848966291517108 True 1.1787911463515706 
11.32772611619244 -24.9160857009566 19.623127 20.594294 18.86755 14.149756 5.7847214 28.377884 1.9474949 4.7636824 9.55375 0.94937915 0.9656128 0.9806172 1526.4559 914.5847 214.25508 0.0 0.0 0.0 0.000958877 0.018259214 0.0010980814 0.0047669876 0.004595761 0.0025649578 0.8610885 0.9283036 0.95238066 12.0 13.0 20.0 0.3711573260352716 True 1.206257414365067 
11.35083171979225 -25.03580016376363 19.686964 20.231205 19.267714 13.3418 8.081984 19.629745 1.2523565 2.0673995 3.041758 0.94716614 0.96409607 0.97975534 762.9048 458.3826 94.84369 0.0 0.0 0.0 0.019162424 0.013074641 0.02858492 0.032737054 0.023922766 0.01340235 0.794774 0.7919926 0.81115466 12.0 12.0 19.0 0.3750044740905727 True 1.197691946125359 
11.44530357863025 -25.11584032819375 18.375153 19.186905 17.661503 44.66207 21.146494 86.178474 3.0629227 6.468991 12.482353 0.94597393 0.9632784 0.9792905 499.44315 292.29922 77.94658 0.0 0.0 0.0 0.0028182608 0.013818202 0.0053655626 0.035321858 0.013740939 -0.0020626718 0.9130611 0.84568167 0.9499327 11.0 11.0 19.0 0.4085743418716653 True 1.12932846857005 
11.44116938526737 -24.7570271243318 18.417498 18.985146 18.005426 42.953728 25.464903 62.781128 5.1098742 8.619241 12.597875 0.9434084 0.9615179 0.97828895 505.19342 340.63074 99.045235 0.0 0.0 2048.0 0.055951774 0.010784769 0.003431335 0.0385494 0.017470784 0.005186559 0.7333334 0.7857147 0.8636364 11.0 11.0 19.0 0.4362665495364032 True 1.1057348974784114 
11.41233067440737 -24.56717130423604 19.788914 21.6465 18.607817 12.146035 2.1948266 36.04737 0.6976912 3.8609803 11.458735 0.9443089 0.962136 0.9786407 780.811 423.60052 124.18027 0.0 0.0 0.0 0.0021446662 0.0022276076 0.007854566 0.23571375 0.089479834 0.016959105 0.7305966 0.7315976 0.89471817 8.0 8.0 17.0 0.4408265789035599 True 1.1632481646480406 
11.4403363711138 -25.01030623453833 18.156221 18.641474 17.78194 54.640137 34.947025 77.130104 6.126108 9.578252 13.520674 0.9466413 0.9637362 0.9795508 516.48376 349.65915 103.83406 0.0 0.0 0.0 0.08348786 0.056131788 0.005165703 0.028590713 0.014540467 0.0035779248 0.9999907 0.9999894 0.9999905 12.0 12.0 19.0 0.4057422412212361 True 1.1138277424359986 
11.37472155241174 -25.22359087835226 18.122393 18.815725 17.587677 56.369385 29.765257 92.2421 4.403515 8.339368 13.64643 0.95215416 0.9675132 0.98169625 417.49344 261.02277 86.98708 0.0 0.0 0.0 0.02182862 0.030806694 0.029444378 0.00012990365 0.0002402931 0.00021780483 0.8335153 0.7695513 0.9400231 10.0 10.0 19.0 0.3618259610600626 True 1.2197610579225626 
11.40302773314294 -24.65625051426988 18.839388 19.315088 18.442692 29.1236 18.791641 41.96845 3.559061 5.5158925 7.948655 0.94594747 0.96326023 0.9792802 528.6864 368.27377 94.410225 0.0 0.0 0.0 0.0005152146 0.0060970914 0.0005548638 0.047976654 0.019792248 0.0075805346 0.69244397 0.7144238 0.80007184 9.0 10.0 16.0 0.438537301374185 True 1.1530530007938762 
11.34934029818607 -24.57840386724661 19.678913 21.373884 18.758602 13.4411 2.821279 31.373209 0.8374254 3.9896512 9.312345 0.94628924 0.96349466 0.97941345 1047.0303 545.5791 124.11534 0.0 0.0 0.0 0.022629993 0.016065344 0.020360222 0.05634053 0.03922257 0.023242211 0.99998635 0.9985279 1.0 12.0 12.0 19.0 0.3997770243886098 True 1.2164093298433996 
11.42555723945958 -24.54882334810327 19.672573 20.80619 18.85767 13.519822 4.759089 28.63729 1.6191916 4.599868 9.743305 0.9433396 0.9614706 0.97826207 1187.2683 679.00006 43.63794 0.0 0.0 0.0 0.0065371175 0.04369882 0.035627976 0.05585842 0.029126119 0.047823783 0.8453177 0.8444724 0.4213384 11.0 11.0 8.0 0.4408265789035599 True 1.1562313827822654 
11.39936467947631 -24.58911836853352 19.241714 20.859804 18.299522 20.105453 4.529795 47.88404 1.0479238 4.6511993 11.077503 0.94548875 0.9629456 0.9791012 676.1476 351.01907 85.61937 0.0 0.0 0.0 0.03640854 0.057293106 0.053228237 0.15166545 0.067632176 0.03714022 0.8194887 0.83820915 0.94037235 10.0 10.0 18.0 0.4408265789035599 True 1.1695815755422214 
11.26496235928064 -24.76103376969627 19.192125 20.660154 18.396578 21.045036 5.4442573 43.789402 1.62865 6.2956243 13.099604 0.9508802 0.966641 0.9812012 914.483 450.9162 125.47371 0.0 0.0 0.0 0.009001848 0.012790613 0.019844819 0.02931307 0.01357092 0.00933035 0.99999386 0.99999404 0.99999386 11.0 11.0 20.0 0.3522539413232862 True 1.2650345393017042 
11.42098696742022 -25.2352859092399 19.698566 20.520948 19.159563 13.199991 6.188998 21.685751 1.3331217 2.8433025 4.6711507 0.94612306 0.96338075 0.97934866 993.1951 588.6322 135.59444 0.0 0.0 0.0 0.0007155439 0.00072328805 0.0006139632 0.0019531404 0.0024320427 0.0020134002 0.9230741 0.90528023 0.95 12.0 12.0 19.0 0.3746500278942662 True 1.1838197758757931 
11.42513406714237 -24.84417386486626 19.778236 21.604416 18.727547 12.266061 2.2815676 32.283535 0.65268826 3.5089536 9.235354 0.94502896 0.96263015 0.9789218 1407.7731 702.39923 159.74731 0.0 0.0 0.0 0.0033815114 0.034140203 0.009707537 0.035608497 0.022710325 0.009781977 0.9974377 0.9990715 0.9985516 12.0 12.0 19.0 0.431334717498132 True 1.1162702364962886 
11.43572233150411 -24.78775525560468 19.611782 20.585838 18.81286 14.298383 5.829952 29.843895 2.0180218 4.949346 10.330382 0.9440014 0.9619249 0.9785206 1247.2527 690.81836 193.95534 0.0 0.0 0.0 0.0028541079 0.033413585 0.02147851 0.0066674743 0.0029199177 0.0020211483 0.8335436 0.7726515 0.900016 10.0 10.0 18.0 0.4556712425873849 True 1.108474874455686 
11.37726270286284 -24.97324261438015 19.290586 20.917736 18.418962 19.220516 4.294428 42.89585 1.6162125 7.233662 16.1439 0.9488339 0.9652392 0.980405 1418.0854 616.6811 162.2423 0.0 0.0 0.0 0.0013475535 0.0014663873 0.036056355 0.031628482 0.017421769 0.011165681 0.8567987 0.7408986 0.774192 12.0 11.0 16.0 0.3894224542034158 True 1.165943824188133 
11.49719875321618 -24.96806636502845 19.543617 21.44139 18.308447 15.224858 2.6512096 47.49208 0.60124236 3.4526994 10.770272 0.9421417 0.960648 0.9777938 847.1245 433.9566 88.92955 0.0 0.0 0.0 0.026722398 0.029356891 0.037099667 0.12602697 0.041078743 0.015579618 0.99359965 0.9928875 0.99423933 14.0 14.0 22.0 0.4378539348790973 True 1.057399419480705 
11.41687872386163 -24.78401000099301 19.58249 20.302021 19.10193 14.689378 7.571674 22.86797 1.8272878 3.545018 5.5187745 0.9450905 0.96267235 0.9789458 808.2026 516.1762 140.92683 0.0 0.0 0.0 0.09048076 0.060165375 0.002518492 0.0014228949 0.0015040366 0.0013825675 0.7755705 0.7762773 0.9509649 10.0 10.0 19.0 0.4126777393841212 True 1.125781924144611 
11.41107986340531 -25.12718275129497 19.088036 19.477745 18.814281 23.162527 16.177158 29.80488 3.1026516 4.44239 5.716341 0.94863886 0.9651056 0.98032904 530.5439 364.31952 99.00368 0.0 0.0 0.0 0.0011263867 0.0009055506 0.0009879564 0.011010922 0.008744901 0.0050403937 0.7823665 0.7053219 0.900158 10.0 10.0 18.0 0.3680633840288231 True 1.1620468156786152 
11.38376191927858 -24.79048584549865 19.407845 20.286728 18.80249 17.252907 7.6790733 30.130318 2.766553 6.215734 10.855102 0.94704694 0.96401435 0.9797089 969.3576 562.38873 168.99246 0.0 0.0 0.0 0.0023043868 0.0048362957 0.021590177 0.0007172009 0.0005102329 0.00036671068 1.0000002 1.0 0.9999999 10.0 10.0 18.0 0.4126777393841212 True 1.1554449218247842 
11.40285480784271 -24.99110583448845 18.620699 18.975346 18.338827 35.622154 25.69579 46.181602 6.09652 8.451625 10.956934 0.94842136 0.9649565 0.98024434 561.7125 419.71014 116.47231 0.0 0.0 0.0 0.065815784 0.04310769 0.0046676807 0.01808163 0.010631116 0.0045122355 0.880131 0.9291781 0.93534356 12.0 13.0 20.0 0.4057422412212361 True 1.1449261389250889 
11.41367697476255 -24.7838634483255 19.968672 21.703688 18.979002 10.292747 2.0822103 25.609367 0.852022 4.2117014 10.479126 0.94529384 0.9628119 0.9790251 1500.4744 744.7013 213.43657 0.0 0.0 0.0 0.004590286 0.016320858 0.025488295 0.020109868 0.010179309 0.0038953288 0.7779645 0.77664167 0.9514134 10.0 10.0 19.0 0.4126777393841212 True 1.128693794949705 
11.34936410388224 -24.84718307169586 19.990314 21.928677 18.709845 10.089599 1.692503 32.81421 0.3731048 2.2242074 7.2337475 0.948381 0.96492887 0.98022866 688.1965 345.36896 75.1686 0.0 0.0 0.0 0.10657614 0.10307997 0.10307559 0.11565632 0.058682084 0.03573831 0.8899908 0.8906127 0.86914265 11.0 11.0 17.0 0.385517479638328 True 1.185009184148405 
11.45463427184079 -25.11050424353544 19.663958 20.039967 19.357843 13.627532 9.638593 18.066038 3.1338794 4.430838 5.873968 0.9453208 0.96283036 0.9790357 1029.0841 743.1024 186.40154 0.0 0.0 0.0 0.04847986 0.0022861655 0.013395522 0.0021236711 0.0031240603 0.0019378602 0.9173963 0.8995592 0.96652097 11.0 12.0 19.0 0.4085743418716653 True 1.1198876948991214 
11.39438238484658 -25.16116816542102 19.816198 20.813726 19.021242 11.844617 4.726168 24.632196 1.6414152 4.113678 8.554851 0.9499872 0.96602935 0.9808538 1694.8175 985.1083 223.53572 0.0 0.0 0.0 0.0021083115 0.0023122355 0.00209885 8.084279e-05 4.5299734e-05 1.6148688e-05 0.99986905 0.9953953 0.9995857 13.0 13.0 19.0 0.383494765447242 True 1.1851053960420306 
11.42847346122146 -25.24344023982136 18.918262 20.14669 18.105444 27.08291 8.736221 57.256203 2.8243625 8.755726 18.51055 0.9452945 0.9628123 0.9790254 942.91797 487.3891 142.36295 0.0 0.0 0.0 0.0062068733 0.004317766 0.004120551 0.057643108 0.01863238 0.0021927329 0.92098546 0.9230608 0.95008814 12.0 12.0 19.0 0.3746500278942662 True 1.1801162443348758 
11.32057565443558 -24.65834199477028 19.79053 21.480238 18.844921 12.127968 2.5580242 28.975548 0.9470038 4.489884 10.727011 0.9499286 0.96598923 0.980831 1480.1466 789.58734 179.92801 0.0 0.0 0.0 0.002333943 0.0023513467 0.03594341 0.0005320831 0.00028123986 0.00034581224 0.83326155 0.84328645 0.8410943 10.0 11.0 16.0 0.4003677423187946 True 1.2267372681256847 
11.34358992307347 -24.88417469389666 19.865791 21.351055 18.890972 11.315753 2.8812313 27.772266 1.1252522 4.419318 10.846337 0.94923407 0.9655134 0.9805608 1204.9359 721.82935 52.29493 0.0 0.0 0.0 0.005599289 0.006489584 0.004452245 0.0062797153 0.0016381347 0.0008712335 0.7707943 0.84106284 0.5444932 10.0 11.0 7.0 0.3711573260352716 True 1.190638964208078 
11.38703154069878 -24.73696997461026 18.616741 19.114742 18.237846 35.75226 22.599709 50.68291 3.2836652 5.1946883 7.3640637 0.9474398 0.96428365 0.979862 479.2993 301.4389 72.48977 0.0 0.0 0.0 0.001663166 0.0016074099 0.003964823 0.013998001 0.007973031 0.0039049885 0.92361295 0.92307705 0.99999994 12.0 12.0 20.0 0.4179111804295407 True 1.1565871460980153 
11.41383123237234 -24.5485834615485 18.868555 20.197378 17.940563 28.351603 8.337744 66.64606 2.7842526 9.467552 22.255358 0.9436367 0.96167463 0.9783781 850.51984 442.888 33.17105 0.0 0.0 0.0 0.016932728 0.015051512 0.0016899263 0.02640854 0.016421903 0.009603598 0.69251543 0.7564961 0.41217414 9.0 9.0 7.0 0.418757740153781 True 1.1666151356646133 
11.32614684606596 -24.98013332934226 19.89741 21.338259 18.97238 10.990981 2.91539 25.766048 0.85463804 3.2219737 7.5532413 0.94720435 0.96412224 0.97977024 1545.682 810.8466 170.50067 0.0 0.0 0.0 0.0024752258 0.0027993345 0.009760921 0.00048031527 0.00025219156 9.21987e-05 0.9999869 0.9999855 0.9999828 12.0 12.0 17.0 0.3585307335496409 True 1.2126962501626508 
11.36447644875958 -24.91854944704778 18.917149 20.786259 17.81843 27.11071 4.8472624 74.58092 1.148823 6.4253607 17.676014 0.9493377 0.9655844 0.98060113 657.1938 305.53458 82.29611 0.0 0.0 0.0 0.0074551417 0.008230727 0.014213174 0.21581972 0.04954307 0.01890846 0.7941274 0.8007833 0.95202845 11.0 11.0 20.0 0.3711573260352716 True 1.1731284327413805 
11.31313453169584 -24.78042583227501 18.193953 18.95242 17.574173 52.77388 26.244158 93.39657 5.9266214 11.917731 21.091404 0.949673 0.9658141 0.9807316 543.5674 345.52036 113.3896 0.0 0.0 0.0 0.026533725 0.011786755 0.0087303985 1.5265516e-05 1.1382022e-05 1.8840692e-05 0.9186061 0.9999118 0.9999859 10.0 11.0 19.0 0.3684053165701023 True 1.220066442579848 
11.36560013444783 -24.80272053195031 19.010132 19.478205 18.647854 24.885546 16.170301 34.74231 3.8432453 5.914624 8.257312 0.94759583 0.96439064 0.9799228 808.2166 505.13733 132.5768 0.0 0.0 0.0 0.020764621 0.06147661 0.0024802599 0.019334178 0.016004449 0.009430781 0.9999944 0.9999897 0.99999833 12.0 12.0 19.0 0.4126777393841212 True 1.1713310999240116 
11.38015492431197 -24.96788602338516 18.988293 20.595081 18.07154 25.391165 5.7805233 59.07231 1.631293 7.165516 16.670507 0.9489923 0.96534777 0.98046666 1069.613 516.8575 120.97348 0.0 0.0 0.0 0.009181247 0.011531224 0.022901233 0.004515525 0.0028671508 0.0021703169 0.9997234 0.9964279 0.94315594 14.0 14.0 21.0 0.3894224542034158 True 1.1627951648260009 
11.33126223825142 -24.66494729435599 18.901468 19.546717 18.437431 27.505058 15.181443 42.17232 2.9875917 5.412785 8.29919 0.9496987 0.96583176 0.9807416 683.63226 413.13162 96.3245 0.0 0.0 0.0 0.0008958638 0.0007600554 0.000832745 0.016873604 0.008504088 0.00086594926 0.9230168 0.92263144 0.94728506 12.0 12.0 18.0 0.4003677423187946 True 1.21609472845341 
11.39988446928229 -24.78227981311887 18.530369 19.303822 17.88281 38.71259 18.987673 70.28716 3.653421 7.448695 13.523964 0.9461584 0.96340495 0.9793624 571.17664 359.49704 107.40746 0.0 0.0 0.0 0.07562666 0.050756294 0.008259467 0.039130956 0.018526914 0.0001205782 0.8321 0.89530474 0.9975054 10.0 11.0 19.0 0.4126777393841212 True 1.1412955324832028 
11.41703043492632 -25.33577917067058 19.967115 21.062487 18.917534 10.307508 3.758419 27.101051 0.6053259 1.6601131 4.3648586 0.952312 0.9676212 0.9817576 799.0339 451.64243 92.87437 0.0 0.0 0.0 0.00013423515 0.0012625477 3.8105536e-05 0.10578644 0.12285206 0.10657603 1.0 0.99999994 0.9999999 12.0 12.0 20.0 0.3591858879252915 True 1.2233427394834626 
11.35120808359537 -24.64452786632759 19.55696 20.405054 19.035809 15.038919 6.886176 24.30392 1.4208483 3.1030316 5.014711 0.9485239 0.9650268 0.9802843 784.9959 415.8536 100.1711 0.0 0.0 0.0 0.006032988 0.004710134 0.011955782 0.014860163 0.008899434 0.0027898487 0.8335269 0.8353355 0.85653126 11.0 10.0 17.0 0.4003677423187946 True 1.201536689882838 
11.31688652898025 -24.82905749251238 19.731707 20.685484 19.101486 12.803163 5.318712 22.877348 1.3060902 3.1440103 5.617879 0.9493184 0.9655712 0.98059356 1140.8873 628.7397 150.74644 0.0 0.0 0.0 0.0051667015 0.033573356 0.012650574 0.00021002039 0.00031688166 9.440934e-05 0.916417 0.9164142 0.9420378 11.0 11.0 18.0 0.385517479638328 True 1.2147108283555947 
11.40814088741588 -24.73258792170082 19.91469 20.602621 19.435589 10.817436 5.740523 16.817623 1.3406284 2.526279 3.9275484 0.9457285 0.96311 0.9791947 942.7398 651.04584 144.0721 0.0 0.0 0.0 0.07304597 0.033661615 0.004804045 0.023545772 0.02074157 0.017768372 0.98997205 0.9919789 0.94452167 12.0 12.0 20.0 0.4362665495364032 True 1.1379462890617045 
11.37775224343411 -25.17987370626913 19.672972 20.357662 19.18346 13.514864 7.193411 21.213663 1.4023827 2.634774 4.135684 0.95134896 0.9669619 0.9813833 912.3741 563.5755 111.79518 0.0 0.0 0.0 0.006361777 0.018344797 0.043616 0.02111433 0.013607181 0.0050550005 0.90464306 0.9515028 0.9994545 12.0 12.0 19.0 0.3618259610600626 True 1.2045537945236664 
11.26419696628533 -24.75814176059616 19.790052 21.10091 18.98006 12.133299 3.6277351 25.584427 1.5165322 5.072183 10.69527 0.95094186 0.9666832 0.98122513 1781.0247 932.06616 250.53207 0.0 0.0 0.0 0.0029450483 0.0007466834 0.00087064056 0.029544882 0.016286738 0.010218174 1.0 0.91666657 1.0000001 11.0 11.0 20.0 0.3522539413232862 True 1.265945019434071 
11.33403373179107 -24.78696668833209 19.979673 20.927675 19.243443 10.188972 4.2552953 20.073484 1.7666541 4.2301154 8.33383 0.94881916 0.96522915 0.98039925 1560.9436 926.5792 256.9911 0.0 0.0 0.0 0.08174949 0.07288295 0.010854013 0.0004988719 0.0004628949 0.000751192 0.9090024 0.833333 0.94736844 10.0 10.0 18.0 0.3684053165701023 True 1.2007370307543237 
11.36619868038307 -24.99013297238299 19.896158 21.50804 19.01202 11.003654 2.493356 24.842312 1.0528157 4.6462755 10.489627 0.9483651 0.96491796 0.98022246 2011.7021 1029.2024 221.64777 0.0 0.0 0.0 0.014406294 0.05344256 0.0016993918 0.004581011 0.0036542069 0.003268091 0.922939 0.9667766 0.9091623 13.0 14.0 19.0 0.3585307335496409 True 1.177760178676882 
11.39394669059662 -24.58622261244987 19.408163 19.915785 19.033113 17.247843 10.806534 24.364317 2.5894148 4.1328535 5.838072 0.9455464 0.9629851 0.9791237 1029.6676 672.7216 152.16653 0.0 0.0 0.0 0.013668374 0.018632147 0.0014885239 0.006393713 0.004518472 0.0038254529 0.9884606 0.9983504 0.9999201 12.0 12.0 19.0 0.4408265789035599 True 1.1750445047944045 
11.41698399180069 -25.22654880487647 17.476236 18.142553 16.979294 102.21285 55.33226 161.54085 4.2939405 7.9320073 12.536028 0.9464758 0.9636226 0.9794862 212.06221 127.67873 33.95144 0.0 0.0 0.0 0.009582412 0.010270672 0.006355645 0.04991473 0.037923377 0.018278083 0.92035216 0.85511434 0.99802226 12.0 12.0 20.0 0.3746500278942662 True 1.1844434041907843 
11.40189083170547 -24.9663924273435 19.996904 21.386782 19.109985 10.028548 2.7879653 22.69894 1.2287165 4.419798 10.003912 0.94894177 0.96531314 0.980447 2502.2083 1323.3237 281.96536 0.0 0.0 0.0 0.0019246289 0.0030580256 0.005801283 0.0004560565 0.00012395061 8.241701e-05 0.9999867 0.9999747 0.9999968 15.0 15.0 22.0 0.3894224542034158 True 1.1430587961286105 
11.39520256433625 -25.15726134542118 19.463911 20.553926 18.646208 16.38459 6.003843 34.795002 2.9303741 7.997041 16.982851 0.9499423 0.9659986 0.98083633 2056.3115 1093.7628 300.56662 0.0 0.0 0.0 0.005526862 0.058217466 0.0054935166 0.014554563 0.011984596 0.002758966 0.9276336 0.9093221 0.9499911 13.0 13.0 19.0 0.383494765447242 True 1.183377823729766 
11.46204375483381 -24.38882332310058 19.199295 19.746555 18.766117 20.906534 12.629263 31.156843 1.9141227 3.1686468 4.722209 0.93388677 0.95497 0.97455686 526.0807 340.0125 19.829319 0.0 0.0 0.0 0.021011861 0.011909085 0.002805505 3.618247e-05 7.415215e-05 0.016031398 0.9912542 0.96853083 0.40777296 10.0 10.0 7.0 0.4848966291517108 True 1.177300160910997 
11.36562836826003 -24.91417603180651 19.52051 21.441998 18.37249 15.552365 2.6497276 44.77175 0.81097436 4.7599497 13.70282 0.94916123 0.9654635 0.9805324 1105.0223 528.0335 122.68123 0.0 0.0 0.0 0.002542866 0.004197083 0.0026580181 0.0652171 0.024003604 0.015641365 0.85394 0.923122 0.91327196 12.0 12.0 19.0 0.3711573260352716 True 1.1718486421684564 
11.28954592776549 -24.64219429923107 19.945368 21.050146 18.971014 10.516048 3.801385 25.7985 1.1813607 3.2680843 8.017429 0.95041096 0.9663196 0.98101866 1364.1818 722.9101 59.110954 0.0 0.0 0.0 0.025767397 0.040866826 0.08200419 0.05297829 0.043934777 0.017087469 0.997403 0.9267603 0.59392565 14.0 13.0 12.0 0.383861514994149 True 1.2572473419943686 
11.39060057966958 -24.62875089833101 19.88964 20.77876 19.228199 11.069891 4.8808503 20.357319 1.1362767 2.577104 4.7392454 0.94669855 0.9637754 0.9795731 997.4071 554.8324 135.8906 0.0 0.0 0.0 0.05971301 0.11830081 0.010517878 0.12190285 0.064343415 0.015996136 0.9980787 0.9980962 0.99819374 11.0 11.0 19.0 0.4185458281083732 True 1.169145465274119 
11.41840826878875 -25.0805541823491 19.906925 21.232523 19.138504 10.895061 3.2135918 22.110493 1.262381 4.279858 8.685566 0.94825375 0.96484166 0.9801791 1469.289 791.96185 216.81075 0.0 0.0 0.0 0.0007207695 0.0007450753 0.0007788027 0.0024152019 0.0020117203 0.0011179803 0.9433892 0.9167236 0.90481347 11.0 11.0 19.0 0.3935701404086447 True 1.145405531588516 
11.42343782886025 -24.58503405569394 19.640238 21.13359 18.806314 13.928507 3.5201735 30.024403 1.6481829 6.5214753 14.057746 0.9446958 0.9624015 0.9787917 1596.7706 853.94244 251.24881 0.0 0.0 0.0 0.02070353 0.0006195457 0.0005024382 0.0029031872 0.0015422539 0.00025258426 0.9165596 0.91661334 0.9999498 11.0 11.0 19.0 0.4408265789035599 True 1.1491585002240976 
11.33345219490546 -24.59234013723634 17.796162 18.719246 17.132723 76.12636 32.53132 140.25246 4.635242 10.846905 19.983946 0.94710964 0.96405727 0.9797333 342.54184 192.1353 55.07543 0.0 0.0 0.0 0.010427787 0.036741804 0.0012201109 0.04296083 0.0325328 0.020049542 0.99999946 0.9167954 0.99999946 11.0 11.0 19.0 0.3997770243886098 True 1.2274823053093376 
11.37540530597678 -24.64450996436553 19.510128 20.432764 18.853642 15.701787 6.712652 28.74373 1.7350405 4.0584908 7.4294834 0.94736606 0.9642331 0.97983325 1023.261 538.1766 140.78113 0.0 0.0 0.0 0.0039800038 0.0011403186 0.0038889807 0.005268712 0.006728535 0.00317894 0.8227542 0.6925123 0.8055318 10.0 9.0 16.0 0.4185458281083732 True 1.1798502558664887 
11.34975708903231 -24.68164951531294 19.805794 20.490944 19.14691 11.958661 6.362426 21.939981 2.6800916 5.037435 9.241941 0.94942886 0.96564686 0.9806366 1865.9283 1158.2529 257.37607 0.0 0.0 0.0 0.0016133711 0.04204081 0.037335385 0.005208325 0.004205569 0.001391802 0.966774 0.9982266 0.9656047 13.0 13.0 19.0 0.4003677423187946 True 1.1969639614221306 
11.3298142536773 -24.98248031980858 19.915773 20.498255 19.57112 10.806646 6.319724 14.844044 1.9108465 3.2675226 4.4882793 0.9472513 0.9641545 0.97978854 1349.9011 824.61145 180.5943 0.0 0.0 0.0 0.015994776 0.0070722504 0.002956023 0.040466674 0.03255327 0.022042692 0.9999773 0.99997437 0.99997103 12.0 12.0 17.0 0.3585307335496409 True 1.209641899205121 
11.460303978684 -25.10670948671487 19.607258 20.055737 19.198467 14.35809 9.499605 20.922474 2.8237128 4.2678747 6.219106 0.9449476 0.9625743 0.97889 1076.8049 662.7012 192.93596 0.0 0.0 0.0 0.019141372 0.08804672 0.00630213 0.0001384897 0.00012310124 5.8237252e-05 0.91661566 0.9166097 0.9499328 11.0 11.0 19.0 0.4085743418716653 True 1.1140283040908645 
11.4014097953653 -24.82436864559934 18.814346 19.93146 18.049719 29.803114 10.651626 60.27155 2.6756148 7.4863367 15.139797 0.94607264 0.9633461 0.979329 669.43225 348.61472 95.0346 0.0 0.0 0.0 0.04847151 0.019596972 0.029733356 0.0322329 0.024187623 0.013803385 0.8468457 0.85421956 0.7709077 10.0 10.0 15.0 0.431334717498132 True 1.1381096033087743 
