RA DEC MAG_R MAG_G MAG_Z FLUX_R FLUX_G FLUX_Z FIBERFLUX_G FIBERFLUX_R FIBERFLUX_Z MW_TRANSMISSION_G MW_TRANSMISSION_R MW_TRANSMISSION_Z FLUX_IVAR_G FLUX_IVAR_R FLUX_IVAR_Z GAIA_PHOT_G_MEAN_MAG GAIA_PHOT_G_MEAN_MAG_1 MASKBITS FRACMASKED_G FRACMASKED_R FRACMASKED_Z FRACFLUX_G FRACFLUX_R FRACFLUX_Z FRACIN_G FRACIN_R FRACIN_Z NOBS_G NOBS_R NOBS_Z PROB LOCAL SEP 0
13.51933254351365 -26.36681928053028 18.802443 20.450228 17.735178 30.13164 6.605554 80.524635 0.92340696 4.2121773 11.256741 0.9547426 0.9692841 0.98270094 733.5431 238.04674 51.43911 0.0 0.0 0.0 0.023597864 0.02067747 0.027719194 0.18871282 0.09530939 0.055129807 0.94058275 0.99938214 0.91608804 16.0 13.0 22.0 0.3751817364001562 True 1.7104005823659156 
14.05875800168371 -25.78657567201003 18.081491 19.677399 17.20388 58.53331 13.459855 131.35532 2.201296 9.572847 21.482546 0.93881816 0.95836395 0.9764927 234.75496 97.28664 47.397015 0.0 0.0 0.0 0.036413074 0.030669881 0.027146347 0.03087398 0.028250609 0.006858626 0.6522181 0.6209368 0.8279268 7.0 6.0 17.0 0.3820303457079781 True 1.577949698855681 
13.2874786647466 -26.36240358459569 18.93318 20.008316 18.189577 26.713343 9.923699 52.98696 3.0017664 8.080376 16.02774 0.96105826 0.9735986 0.9851453 2250.8252 835.0127 188.75375 0.0 0.0 0.0 0.029388176 0.019012246 0.029612727 0.0005585557 0.0004846972 0.00034674865 0.95333135 0.9410647 0.99979824 18.0 16.0 21.0 0.3858864426734647 True 1.6228198654040558 
13.56805253083139 -26.23043434457134 19.615715 20.329933 19.0912 14.246699 7.3795 23.095114 3.2855577 6.343025 10.282584 0.9580611 0.97155225 0.98398656 2203.2454 1060.8458 163.41795 0.0 0.0 0.0 0.0025168129 0.073780134 0.024242094 1.0554872e-05 0.00022219308 0.00023620678 0.9279187 0.92243624 0.74948925 13.0 12.0 12.0 0.4041376829427463 True 1.6121806285647338 
14.00112964901252 -26.01507351426871 19.86859 20.692284 19.298023 11.286628 5.2855043 19.089338 3.0304084 6.4711127 10.944745 0.94462746 0.9623546 0.9787651 3206.2427 1514.1152 193.83182 0.0 0.0 0.0 0.010981685 0.027409863 0.0268882 0.018294865 0.009381608 0.0044003366 0.997686 0.9222449 0.7240886 14.0 12.0 12.0 0.3608310246484506 True 1.6851763371904058 
13.92361442550228 -25.87923640400304 19.775793 21.31681 18.95066 12.293709 2.973551 26.286665 1.364351 5.640709 12.061081 0.94106245 0.9599066 0.97737163 2357.4585 1034.3812 326.85184 0.0 0.0 0.0 0.0002553407 0.00020639149 0.015019466 0.0076913065 0.002355188 0.0031870017 1.0 0.9999999 1.0000001 12.0 11.0 23.0 0.4278041449340565 True 1.5423447473558027 
13.98757443879871 -25.892703881554 19.733076 21.269917 18.7057 12.787037 3.1047986 32.939747 0.64518625 2.657184 6.844976 0.94234115 0.960785 0.9778718 312.45053 164.56494 92.17781 0.0 0.0 0.0 0.010016399 0.008893462 0.010315475 0.47414833 0.096079424 0.1301885 0.6052008 0.59920245 0.8042088 6.0 5.0 20.0 0.4053401153549545 True 1.594138936899651 
14.0711575219541 -25.92882159423101 19.364433 20.102375 18.843847 17.95671 9.100183 29.004202 2.1601713 4.262504 6.884921 0.9444081 0.9622041 0.9786794 797.4679 421.13928 151.50061 0.0 0.0 2048.0 0.04154016 0.00706869 0.023539815 0.18154538 0.1999595 0.30341825 0.99524176 0.89959514 0.96646166 9.0 8.0 20.0 0.3778591744843141 True 1.6743401003506455 
13.66621487113239 -26.17723706977946 19.815886 20.51298 19.315771 11.848027 6.234593 18.779839 2.6581235 5.0514154 8.006799 0.9511061 0.9667956 0.98128897 2275.9917 1210.7086 282.63168 0.0 0.0 0.0 0.0031846657 0.0031222405 0.005122349 0.0018627559 0.0012689199 0.0036072822 0.998116 0.9985198 0.85654485 13.0 12.0 18.0 0.3879278874843193 True 1.6145908625246064 
13.99822136566172 -26.00284431626802 18.516453 19.189096 18.082397 39.212013 21.103823 58.48452 2.8165457 5.2332897 7.8054256 0.94481415 0.96248275 0.9788379 423.8999 192.64005 34.947514 0.0 0.0 0.0 0.028555153 0.058089137 0.06405011 0.044084065 0.03178026 0.040361166 0.9233728 0.9056877 0.7344606 13.0 12.0 17.0 0.3823958232419115 True 1.6748901549850783 
13.54670838976156 -26.31008428232553 18.548164 19.488655 17.900482 38.083256 16.0154 69.15243 3.1857374 7.5754123 13.755602 0.9548733 0.9693735 0.98275167 597.71173 292.7052 87.31743 0.0 0.0 0.0 0.02866256 0.042839542 0.03341904 0.010999813 0.0052305707 0.004104116 0.85853314 0.8401489 0.9883199 13.0 12.0 23.0 0.3762484875931047 True 1.6717763905166394 
13.71082799066101 -26.27597547535489 18.429289 19.252281 17.829031 42.48979 19.910759 73.85632 3.894209 8.3102865 14.445052 0.94751126 0.9643327 0.97988987 560.9984 239.7439 87.87486 0.0 0.0 0.0 0.017480012 0.019183593 0.012570538 0.002491447 0.0019629716 0.0013488259 0.8989685 0.9994659 0.94855785 9.0 8.0 17.0 0.3613278158019747 True 1.7184666551364087 
13.91148234105527 -25.97452890668988 19.859402 20.965708 19.151018 11.382542 4.108816 21.857122 0.8395751 2.3258524 4.4661765 0.94198054 0.9605373 0.97773075 1243.0736 607.60736 167.55801 0.0 0.0 2304.0 0.0020577784 0.040975086 0.003895121 0.0003679228 0.00011787029 0.0003611429 1.0000001 0.99999976 1.0 12.0 11.0 24.0 0.3989912342037404 True 1.5996234845352937 
13.82958144676287 -26.12718366249898 19.052368 19.915422 18.410442 23.936071 10.810142 43.233772 2.263061 5.0109234 9.050822 0.9429436 0.9611987 0.9781073 871.4686 431.18927 45.506763 0.0 0.0 0.0 0.027700169 0.030321404 0.028758444 0.018011594 0.013348861 0.008113921 0.9956302 0.9929634 0.56579274 14.0 13.0 13.0 0.3577149848346209 True 1.6625856797706202 
14.08873339058591 -25.87622428567322 19.621162 21.45644 18.200396 14.175387 2.6147144 52.461674 0.6113334 3.3142767 12.265802 0.94050056 0.95952046 0.9771517 656.08624 326.32306 100.53641 0.0 0.0 0.0 0.008240998 0.007908447 0.016226077 0.024519078 0.010203986 0.008186271 0.9999931 0.9999935 0.99999213 10.0 9.0 21.0 0.3653441262479182 True 1.653422734033545 
14.08408162024671 -25.87426959063802 19.89639 21.546785 19.006323 11.001294 2.4059477 24.973003 1.0552424 4.8251395 10.953095 0.940285 0.9593724 0.9770673 1749.9559 843.76276 293.99698 0.0 0.0 0.0 0.0016832484 0.00029588092 0.02504437 0.0028250637 0.0016130458 0.0047037536 1.0000002 1.0 1.0 10.0 9.0 21.0 0.3653441262479182 True 1.6489517763307202 
13.64884886707062 -26.27519544022439 19.574205 20.815456 18.808815 14.801913 4.7186427 29.955297 2.0012727 6.2777934 12.704654 0.950727 0.96653605 0.98114157 1948.2192 801.7318 257.54477 0.0 0.0 0.0 0.002609735 0.0022899108 0.041251075 0.00019888587 3.2293436e-05 8.186999e-05 0.9999581 0.99996126 0.94993526 10.0 9.0 19.0 0.3601711436439802 True 1.6878344158636525 
13.60258336795504 -26.19777360916872 19.772207 20.984863 18.920193 12.334376 4.0369635 27.034763 1.4505594 4.431981 9.714116 0.9574234 0.9711166 0.98373973 1663.7461 748.5312 231.47748 0.0 0.0 0.0 0.0018384833 0.03554506 0.018701509 0.038013898 0.022114893 0.009456783 0.90899783 0.9003599 0.8634866 10.0 9.0 19.0 0.4110266825463395 True 1.6004896280496683 
13.30495188260308 -26.34079394122564 19.96212 20.347803 19.724411 10.355039 7.259031 12.88949 1.5367408 2.1921673 2.728712 0.9617367 0.97406155 0.98540723 2000.0963 830.67 164.57065 0.0 0.0 0.0 0.033184305 0.006775974 0.00163144 0.008636024 0.00547726 0.0037946417 0.89466304 0.85063106 0.912419 17.0 14.0 20.0 0.3858864426734647 True 1.6082275202754384 
14.07312309461301 -25.80056644136226 19.696518 20.909098 18.934032 13.224923 4.3287334 26.692371 1.7533526 5.3567524 10.811741 0.939098 0.95855635 0.9766024 1313.2505 688.3092 239.33737 0.0 0.0 0.0 0.0010118033 0.0010945367 0.013208733 0.00045791536 0.00026099922 0.0010530085 0.88849014 0.9998477 0.9583512 8.0 8.0 19.0 0.3820303457079781 True 1.5965700751886367 
14.10964297931984 -25.94624290857417 19.063372 19.696508 18.593565 23.694708 13.225028 36.52364 3.2369165 5.7994432 8.939412 0.9446387 0.96236235 0.9787694 833.1374 514.2073 157.2714 0.0 0.0 0.0 0.016437598 0.0039591016 0.0022932587 0.018552221 0.010735452 0.006446474 0.85544455 0.9943687 0.95398855 10.0 10.0 21.0 0.3586943949111175 True 1.7118519089141828 
13.86854408909123 -26.066696601343 19.777435 20.525078 19.27069 12.275122 6.165513 19.575975 2.282952 4.545204 7.2485476 0.9432618 0.9614172 0.97823167 2025.3612 978.8601 143.01132 0.0 0.0 0.0 0.012815198 0.0466093 0.027465925 0.0003823149 0.0001296001 0.00084182125 0.9979785 0.9239819 0.6292338 13.0 12.0 14.0 0.3648379335037067 True 1.6396804316301166 
14.13427467374348 -25.93911704923323 19.277523 20.374668 18.386745 19.45318 7.081624 44.18776 1.715513 4.7125044 10.70442 0.94401145 0.9619318 0.9785245 1101.138 552.43713 162.54907 0.0 0.0 0.0 0.0034763066 0.0009893756 0.014996199 0.04153198 0.024634238 0.01012931 0.95106035 0.94555384 0.9865526 10.0 9.0 21.0 0.3586943949111175 True 1.724350074389171 
13.8670215482034 -26.12265433338918 19.864286 21.09878 19.049814 11.33144 3.6348636 23.992428 1.0619239 3.3104756 7.009378 0.942405 0.96082884 0.97789675 1782.0319 793.4799 205.33517 0.0 0.0 0.0 0.0035314707 0.0031850587 0.0067471084 0.06254018 0.024125244 -0.004078407 0.8567309 0.8457478 0.95261115 12.0 11.0 22.0 0.3577149848346209 True 1.6806756270306966 
14.0166395063846 -26.04579093816178 19.812351 20.404732 19.4169 11.886646 6.8882213 17.1096 2.2209587 3.8325932 5.516622 0.9440675 0.96197027 0.9785464 1768.649 921.9859 216.27844 0.0 0.0 0.0 0.003829456 0.006080897 0.06818841 0.0092235645 0.009404043 0.010777175 0.9278982 0.9225283 0.95289326 13.0 12.0 22.0 0.3608310246484506 True 1.7163854424830114 
14.11942844889004 -25.84507913982405 19.70169 20.426409 19.194056 13.162059 6.7520685 21.007666 3.2109015 6.25913 9.990056 0.9399784 0.95916164 0.97694725 1641.478 1058.748 337.2427 0.0 0.0 0.0 0.15542762 0.0009627361 0.0074368827 0.0037458355 0.003669834 0.006645621 0.99994224 0.9999314 0.9998502 11.0 10.0 19.0 0.3653441262479182 True 1.6562764890430477 
14.11748540577375 -25.75256987509034 18.99179 19.629278 18.57476 25.309488 14.069836 37.161728 2.7448883 4.937635 7.2498913 0.9402547 0.95935154 0.97705543 563.7248 338.84683 40.11544 0.0 0.0 0.0 0.07689633 0.047884535 0.05947922 0.0014949103 0.0080718575 0.015652655 0.89994395 0.8878236 0.4743613 9.0 8.0 10.0 0.3557727925034939 True 1.6013306412012038 
13.94741578426253 -26.01127831097713 19.257767 20.207273 18.66839 19.810408 8.262096 34.091347 1.0899385 2.6133955 4.4973416 0.9434647 0.9615565 0.97831094 773.8042 383.38904 79.40637 0.0 0.0 0.0 0.04262398 0.0023744998 0.005235381 0.0022582915 0.0015043482 0.0024800221 0.9991039 0.99918115 0.85810786 13.0 12.0 18.0 0.3748272161450813 True 1.648203188360191 
13.49465818468866 -26.35518013058303 19.948689 21.00788 19.18478 10.483945 3.9522874 21.187891 1.8288339 4.8512144 9.80423 0.9555568 0.9698409 0.98301667 3418.338 1220.9496 257.39633 0.0 0.0 0.0 0.0020676702 0.020387778 0.025852306 0.005117699 0.0035947487 0.0053515276 0.9302293 0.92049104 0.8255839 15.0 12.0 17.0 0.3751817364001562 True 1.6901107178000214 
14.10854475018277 -25.74310988782822 19.561836 20.344126 19.016401 14.971498 7.2836566 24.74226 2.9751325 6.115361 10.106394 0.9403318 0.9594045 0.9770856 1435.6644 806.3239 96.81912 0.0 0.0 0.0 0.0011015164 0.0010974758 0.001306279 0.022965277 0.013169738 0.014125396 0.99999726 0.99999726 0.6666637 10.0 9.0 10.0 0.3557727925034939 True 1.5894155943012198 
13.48733690337975 -26.29955683181485 19.25793 20.541466 18.456371 19.807405 6.073149 41.443035 1.848169 6.027751 12.611863 0.9582082 0.97165275 0.9840435 2012.2797 681.6379 79.86697 0.0 0.0 0.0 0.002718844 0.016768869 0.0014944318 0.006657192 0.0014898282 0.00045071985 0.8333986 0.79997194 0.9999555 15.0 12.0 12.0 0.3991873974523153 True 1.6376518457438576 
14.10507441790725 -25.9381173832927 18.25821 18.880758 17.79453 49.741196 28.034761 76.2408 9.023966 16.010939 24.540762 0.9442816 0.96211725 0.97863 704.3843 376.456 190.94101 0.0 0.0 0.0 0.0018759858 0.0007063101 0.051853735 0.0008147513 0.001164668 0.0019586107 0.749082 0.7277975 0.86370564 9.0 8.0 20.0 0.3586943949111175 True 1.7035430067328263 
13.9913663435357 -25.76181296702237 19.927296 20.628708 19.42333 10.692561 5.6042376 17.008581 3.16103 6.0310626 9.593569 0.93839043 0.9580698 0.97632504 1445.7571 901.14404 375.21222 0.0 0.0 0.0 0.0030080876 0.0028397385 0.063379645 0.00045800552 0.00054614106 0.0030571402 0.85768414 0.8571437 0.947372 6.0 6.0 18.0 0.4174889195329521 True 1.514812392733235 
14.13171840159239 -25.78195658589517 19.147604 20.101786 18.495422 21.925932 9.105115 39.978912 2.206225 5.312787 9.687135 0.94080126 0.9597271 0.9772694 756.5383 392.0584 140.12544 0.0 0.0 0.0 0.00033563236 0.00033936446 0.010331668 0.011325783 0.0076093497 0.009422182 0.9999999 0.88888896 0.99033695 9.0 8.0 19.0 0.3557727925034939 True 1.6284089171952665 
13.77783209180867 -26.06836224477226 19.441977 20.57071 18.680553 16.718954 5.9117537 33.711548 1.7661706 4.9948845 10.07152 0.941495 0.96020377 0.97754085 1109.2258 621.2211 84.251625 0.0 0.0 0.0 0.022389261 0.019141644 0.034014903 0.0011510953 0.00021933902 1.5098374e-05 0.77027106 0.8326334 0.9283996 10.0 10.0 13.0 0.3802072773187359 True 1.587963289887072 
13.63850183113611 -26.31848686513171 19.00041 19.512398 18.676987 25.109377 15.668978 33.822495 3.0748992 4.9274945 6.6373677 0.94810027 0.9647364 0.9801193 864.3748 437.5374 130.85603 0.0 0.0 0.0 0.0020044148 0.001585335 0.013034139 0.0018831191 0.0013255021 0.0004663227 0.8458251 0.83307594 0.95820963 11.0 10.0 21.0 0.3567419411633274 True 1.7198115151767432 
14.04867072879056 -26.0255393347768 19.737862 20.603748 19.186161 12.730783 5.7345676 21.160961 1.625358 3.6083071 5.9976864 0.9444266 0.9622168 0.97868663 1356.218 735.9273 189.80164 0.0 0.0 0.0 0.002235281 0.01000794 0.002866655 0.016065372 0.012193674 0.017396456 0.8504018 0.9130606 0.91336215 11.0 11.0 21.0 0.3608310246484506 True 1.7231910044311614 
13.91799951516316 -26.05624991806449 19.838755 20.910997 19.220554 11.601079 4.321169 20.501135 0.89580554 2.4049766 4.2500143 0.94315827 0.9613461 0.9781912 1088.747 508.46173 129.89897 0.0 0.0 0.0 0.0032162305 0.00276219 0.005622592 0.04684098 0.020806883 0.0076719606 0.9990626 0.99916816 0.99883443 12.0 11.0 22.0 0.3748272161450813 True 1.6619583569584029 
13.85971608803629 -26.01780463706427 19.26412 19.933306 18.774418 19.694813 10.633533 30.919525 3.336354 6.1794014 9.701242 0.9418592 0.960454 0.9776833 1651.3245 836.6031 216.23724 0.0 0.0 0.0 0.0015531385 0.0014856858 0.05414472 0.00062242604 0.00039526803 0.0006859029 0.99967813 0.99970955 0.9824722 13.0 12.0 21.0 0.3903588902414089 True 1.5984079514413008 
13.33643424001392 -26.33067449366885 19.554876 21.129076 18.731012 15.067779 3.5348368 32.18067 1.5550138 6.628483 14.156634 0.9614023 0.9738334 0.9852781 3048.797 947.58716 263.98935 0.0 0.0 0.0 0.0041237455 0.0006548949 7.951194e-05 0.03481406 0.01687477 0.0098598655 0.84118044 0.8016015 0.9090908 14.0 12.0 20.0 0.4035385928767442 True 1.609308344632548 
13.79912460130077 -26.17568542401482 19.855303 20.716702 19.268536 11.425593 5.1679587 19.614887 2.2064757 4.878192 8.374636 0.94323754 0.9614005 0.97822213 2543.517 1310.6088 309.31296 0.0 0.0 0.0 0.0016709667 0.0017936302 0.0029263748 0.02932871 0.025915895 0.03367208 1.0000001 1.0 0.90952194 14.0 13.0 20.0 0.3573904526079352 True 1.6832863918167225 
13.75004778926409 -26.11503558349527 19.713398 21.505108 18.732523 13.020887 2.500097 32.13594 0.8068506 4.202201 10.371159 0.9435139 0.96159023 0.97833014 1416.7916 569.31604 150.39253 0.0 0.0 0.0 0.016959025 0.016460724 0.02719878 0.02139338 0.004071369 0.0051013096 0.9067126 0.9270866 0.9432231 11.0 10.0 19.0 0.3803891370893272 True 1.6086736652168154 
13.66741289366395 -26.30275896880051 19.797638 20.78493 19.195953 12.048827 4.853203 20.970968 0.7934681 1.9699074 3.4286213 0.9471127 0.9640594 0.9797345 739.4484 373.08838 105.30504 0.0 0.0 0.0 0.005239346 0.004225855 0.0066644684 0.014010309 0.0048692804 0.005302133 0.9999729 0.99997824 0.9999543 10.0 9.0 21.0 0.3601711436439802 True 1.7199179839514172 
13.82593578537432 -26.08737191200602 19.68347 21.347324 18.708178 13.384809 2.8911457 32.864662 0.98409426 4.555949 11.186543 0.9427041 0.96103424 0.97801363 1108.5468 496.9528 97.36886 0.0 0.0 0.0 0.0088335 0.007854205 0.094092466 0.028354647 0.014683644 0.008618164 0.63753986 0.7019227 0.5989538 7.0 7.0 14.0 0.3577149848346209 True 1.6301165890131994 
13.72752435067192 -26.20361863577556 18.598494 19.589691 17.834494 36.358227 14.592305 73.485695 4.5762477 11.402191 23.04562 0.94644964 0.9636047 0.97947603 1226.9855 567.176 179.38235 0.0 0.0 0.0 4.97216e-05 4.5559995e-05 0.01053629 0.013453048 0.008065333 0.0072934744 0.8601536 0.9230773 0.9998885 12.0 12.0 22.0 0.3600066330466126 True 1.6674878477548123 
13.49881892510077 -26.27741605813353 19.652597 20.681936 18.909079 13.770869 5.3361173 27.312963 2.2683928 5.8540206 11.610788 0.9584589 0.971824 0.98414046 2068.3752 928.2883 421.98172 0.0 0.0 0.0 0.046263 0.03910122 0.020578492 0.008640049 0.014492339 0.0027955438 0.7999999 0.84617203 0.9642856 12.0 11.0 27.0 0.3991873974523153 True 1.6228116620368025 
14.0568719172345 -26.01612172095101 18.213196 18.644651 17.864363 51.84675 34.84492 71.49152 6.4376836 9.578813 13.208232 0.94463277 0.96235824 0.9787671 541.99176 306.79126 112.55499 0.0 0.0 0.0 0.0010142277 0.00089806784 0.015498547 0.008868684 0.006496347 0.14108552 0.9318267 0.8333514 0.88512844 11.0 10.0 20.0 0.3619922172097352 True 1.7221909597457512 
13.63176097788707 -26.200944593046 19.841764 21.357548 18.797365 11.568948 2.8640504 30.272898 0.6941446 2.8039043 7.337081 0.9548292 0.96934336 0.98273456 786.41504 669.6808 154.11711 0.0 0.0 0.0 0.2882463 0.026795598 0.032286707 0.05087028 0.021636413 0.005415417 0.9236341 0.9601423 0.9965658 12.0 12.0 21.0 0.3879278874843193 True 1.6171978842791304 
14.05555640640483 -25.82767396568815 19.36639 20.72677 18.611477 17.924374 5.1202602 35.926052 0.9301105 3.2560158 6.5260744 0.939013 0.95849794 0.97656906 336.58356 148.4721 63.43712 0.0 0.0 0.0 0.08286056 0.09168498 0.08420349 0.08651022 0.08711484 0.040937785 0.707069 0.61459094 0.85653794 8.0 6.0 20.0 0.3820303457079781 True 1.6002818873758595 
14.03186648055887 -25.87115907127856 19.700352 20.802301 18.894215 13.178291 4.7761636 27.689417 1.328911 3.6667032 7.7042522 0.94052577 0.9595378 0.9771615 1080.4716 644.8614 217.5013 0.0 0.0 0.0 0.10413015 0.0048570377 0.034667235 0.0011101569 0.00045774144 0.0011858195 0.9999773 0.999977 0.9582899 10.0 9.0 23.0 0.3980128545561948 True 1.6106267553216154 
13.98587931524902 -25.89482033258723 19.291132 20.82675 18.416374 19.210876 4.669819 42.998177 1.5363199 6.3201704 14.145934 0.94242245 0.9608408 0.97790354 593.86664 287.94345 170.44 0.0 0.0 0.0 0.0021489053 0.0038128116 0.011167608 0.013722274 0.009993013 0.014280731 0.948473 0.995877 0.9507354 7.0 6.0 21.0 0.4053401153549545 True 1.5943737733679486 
13.63644541414318 -26.18196348881644 19.997738 21.066282 19.17662 10.020855 3.7453058 21.347754 1.1411499 3.0532346 6.504405 0.9544637 0.9690934 0.98259276 2033.3029 944.41833 212.36685 0.0 0.0 0.0 0.0033725873 0.0028098398 0.07585362 0.0061016893 0.0021636193 0.005648371 0.9230759 0.9166643 0.9490875 12.0 11.0 19.0 0.3879278874843193 True 1.603659501185094 
13.86020262937683 -25.97549875944493 19.749607 20.839743 19.169079 12.593807 4.61427 21.496553 2.3120928 6.3104343 10.771372 0.94081956 0.9597397 0.97727656 2256.1985 1157.2966 381.65543 0.0 0.0 0.0 0.002850687 0.0015752834 0.019291252 0.0027914292 0.0019161187 0.004400063 0.99999994 1.0000001 1.0 12.0 11.0 24.0 0.3989912342037404 True 1.56811165443927 
13.46473380553198 -26.35366681852494 19.904247 21.765215 18.594019 10.921978 1.9674973 36.508373 0.4588597 2.5472236 8.5144825 0.95683235 0.9707128 0.98351085 1414.294 482.91223 96.12591 0.0 0.0 0.0 0.057145216 0.05615252 0.058129784 0.1112456 0.06922855 0.053573217 0.9408735 0.9282915 0.8701352 16.0 13.0 20.0 0.3751817364001562 True 1.6769887595851674 
14.06586102702746 -25.99088748906969 18.954605 19.57267 18.52532 26.191364 14.822865 38.893017 4.509863 7.968734 11.833217 0.9452496 0.96278155 0.9790079 938.70166 508.43835 199.99219 0.0 0.0 0.0 0.0013861438 0.0014574546 0.012832907 0.009290454 0.006669002 0.0052481 0.9999156 0.89992225 0.95638 10.0 9.0 22.0 0.3619922172097352 True 1.7112604207918565 
14.14345711532265 -25.78224598288266 19.39887 20.429438 18.68626 17.39609 6.7332473 33.534813 2.230083 5.7616663 11.106887 0.94121313 0.9600101 0.9774306 1150.3419 582.8177 333.52057 0.0 0.0 0.0 0.0017166524 0.001818573 0.02277938 0.00027038876 0.00019448706 0.0004463351 0.99966633 0.9996513 0.9840493 9.0 8.0 28.0 0.3557727925034939 True 1.6372138032624386 
13.56260832481051 -26.28178134482201 19.277954 19.904882 18.820984 19.44548 10.915578 29.62145 4.2334003 7.5415616 11.488119 0.955605 0.9698738 0.9830353 1559.6644 769.67993 226.19609 0.0 0.0 0.0 0.00085787114 0.00075314404 0.04817412 0.0036830253 0.0032015843 0.0047643194 0.99972355 0.9997538 0.9995351 11.0 10.0 19.0 0.3785790642611791 True 1.6540320059079463 
13.85234016653816 -25.99240466676708 19.191816 20.349697 18.362812 21.051054 7.2463818 45.172615 2.4730098 7.1842012 15.416288 0.9410636 0.9599074 0.97737205 1465.7195 648.3761 197.98595 0.0 0.0 0.0 0.0015103848 0.0028958612 0.019377172 0.00043797202 0.00019022552 0.00026508982 0.99996525 0.916637 0.9582858 12.0 11.0 23.0 0.3989912342037404 True 1.575436670734233 
13.83100698152327 -26.10967752661631 19.879421 20.466194 19.432043 11.174588 6.509121 16.872637 1.7234477 2.9587433 4.4674397 0.9431594 0.96134686 0.9781916 1525.0038 755.406 66.58303 0.0 0.0 0.0 0.004095652 0.0035340555 0.0046934187 0.019296333 0.030435232 0.041571856 0.9156115 0.90817755 0.8988738 11.0 10.0 9.0 0.3577149848346209 True 1.6500070169197505 
13.63035773136221 -26.23545439969523 18.636328 19.900272 17.84151 35.113064 10.962036 73.01221 1.4634303 4.687589 9.74712 0.954438 0.9690758 0.9825828 621.09015 255.6712 27.941992 0.0 0.0 0.0 0.017629711 0.016160067 0.020466793 0.067632936 0.03355239 0.011204273 0.99555814 0.99635243 0.71279067 12.0 11.0 12.0 0.3853331510052615 True 1.6455023554095871 
14.0949904007153 -25.86011944556693 19.991257 21.239296 18.977564 10.080852 3.1936102 25.643318 1.5116847 4.771737 12.138178 0.9398492 0.9590728 0.97689664 1805.2308 906.87463 327.1839 0.0 0.0 0.0 0.0010702615 0.0011161444 0.0056522754 0.0069761276 0.0074313553 0.0050625857 0.90000004 0.8888889 0.90909106 9.0 8.0 20.0 0.3653441262479182 True 1.647954628678691 
14.06400563972508 -26.00011536811611 19.88599 20.584944 19.358206 11.107179 5.8347545 18.060003 2.1217623 4.0390377 6.5673776 0.9450409 0.9626383 0.9789264 1474.0669 790.64136 259.3403 0.0 0.0 0.0 0.0008927185 0.0009140643 0.043247852 0.061625924 0.10534301 0.016025081 0.8333358 0.8181839 0.99977946 10.0 9.0 22.0 0.3619922172097352 True 1.7161668964786887 
13.4008067265051 -26.34551339298892 19.163609 19.602709 18.851404 21.6051 14.418385 28.803017 1.4009662 2.099265 2.7986526 0.95911473 0.9722719 0.9843942 933.4883 368.5347 68.98094 0.0 0.0 0.0 0.011340866 0.003331585 0.009122842 0.05450062 0.038273364 0.03939257 0.94428885 0.9331606 0.8634807 17.0 14.0 19.0 0.3864409756179359 True 1.645583216485668 
14.10462127241913 -25.88393439545489 19.993206 21.068785 19.40328 10.062766 3.7366838 17.325577 0.90205383 2.4292011 4.1824794 0.9412946 0.96006614 0.9774625 926.608 497.30957 164.84265 0.0 0.0 0.0 0.02317864 0.0029875534 0.0021102456 0.016860086 0.011580127 0.024366345 0.89996725 0.7998952 0.9091085 9.0 8.0 20.0 0.3653441262479182 True 1.6693339667112348 
14.07186977574694 -25.75351887155667 19.229038 19.908264 18.75277 20.34158 10.881647 31.542213 2.0421011 3.8173964 5.9193606 0.93946725 0.95881027 0.97674704 636.6858 338.42902 73.516945 0.0 0.0 0.0 0.07469304 0.06664829 0.058879245 0.12840897 0.16558018 0.17229822 0.9959456 0.83050376 0.6228265 9.0 7.0 13.0 0.3713303597641388 True 1.5682578748871716 
13.84462443035661 -26.03109573094993 19.034502 19.804775 18.487707 24.333202 11.969884 40.264046 2.265796 4.6060658 7.621637 0.9420958 0.9606165 0.9777759 1022.9 520.69476 125.54171 0.0 0.0 0.0 0.00021564712 0.00017793856 0.0028113937 0.005495299 0.003927561 0.017487895 0.9288807 0.9902525 0.9584007 13.0 13.0 23.0 0.3903588902414089 True 1.599035442310082 
14.11780586342525 -25.83664346259717 19.461658 20.589243 18.591595 16.418606 5.811696 36.589954 1.6826577 4.7536716 10.593873 0.9400789 0.9592307 0.9769866 881.186 447.51053 146.34796 0.0 0.0 0.0 0.02508862 0.025003042 0.06537529 0.036012124 0.01930413 0.008980901 0.8039745 0.7859841 0.8698812 9.0 8.0 19.0 0.3653441262479182 True 1.6500893132409695 
13.7604550738134 -26.16142914458061 19.163202 20.031221 18.520168 21.613205 9.716539 39.07804 2.5596752 5.693672 10.294519 0.9443479 0.96216273 0.9786559 1266.3405 527.57733 169.40941 0.0 0.0 0.0 0.0022551406 0.0024864785 0.033042554 8.27456e-05 4.6108493e-05 6.434137e-05 0.9995389 0.9009197 0.9581964 11.0 9.0 20.0 0.3600066330466126 True 1.6510036809130495 
14.07308544584567 -26.00708957844289 19.273512 20.924824 18.355446 19.525185 4.266487 45.48014 1.4330853 6.5583825 15.276484 0.9447674 0.9624507 0.97881967 1378.6711 585.01166 180.70721 0.0 0.0 0.0 0.007199002 0.011399938 0.010129583 0.00028156926 0.0001293213 0.0004239044 0.9995957 0.9996183 0.99919295 12.0 11.0 22.0 0.3619922172097352 True 1.7268399133613124 
13.34054795160255 -26.35030747521939 18.340475 19.117506 17.758238 46.111538 22.54227 78.83245 5.4026923 11.051524 18.893726 0.96042764 0.9731682 0.98490167 1383.4082 532.8926 133.49022 0.0 0.0 0.0 0.031459417 0.026660841 0.035331376 0.01570822 0.0071396576 -0.00038133792 0.99985117 0.9998724 0.89984244 16.0 14.0 18.0 0.3858864426734647 True 1.6288381012886162 
13.66664255317995 -26.31051001846478 19.516933 20.008162 19.172749 15.603652 9.925113 21.424019 0.7914041 1.2441969 1.7082986 0.94648445 0.9636286 0.97948956 292.8016 141.83505 41.89288 0.0 0.0 0.0 0.039188053 0.08077329 0.04301471 0.037505183 0.018565888 0.010556488 0.82038456 0.81484336 0.9838097 10.0 9.0 21.0 0.3601711436439802 True 1.726112750794311 
13.57081938439736 -26.33108067220198 19.713432 20.213112 19.383274 13.020489 8.217799 17.647793 1.5959088 2.5285978 3.4272273 0.95275086 0.96792156 0.981928 1114.8842 582.60364 142.4813 0.0 0.0 0.0 0.005839154 0.002038977 0.0040639164 0.0076042823 0.0054272185 0.0062951064 0.8574989 0.8463174 0.9545456 12.0 11.0 21.0 0.3562565600399182 True 1.700501727032578 
14.01593595243013 -25.80153282183338 19.905094 21.405842 19.127968 10.913451 2.7394474 22.326115 1.3409067 5.341924 10.928204 0.9386793 0.95826846 0.9764383 2235.6016 1037.1066 351.6931 0.0 0.0 0.0 0.00045477497 0.0006535583 0.0053252312 0.014931709 0.012071045 0.031880874 1.0 1.0 1.0 10.0 9.0 22.0 0.399580356030434 True 1.556299443762313 
14.05005995124294 -25.81747245051392 19.440943 19.910053 19.147867 16.734884 10.863714 21.920652 1.9535923 3.0093892 3.9419317 0.9389 0.9584202 0.9765248 557.22424 333.89816 111.43108 0.0 0.0 0.0 0.0028664267 0.0028314078 0.0051923385 0.0010909461 0.00067944947 0.0015764114 0.89973164 0.9092904 0.95185596 9.0 8.0 20.0 0.3820303457079781 True 1.59019276442617 
14.01826555688982 -25.75506834625126 19.848879 21.11713 18.923607 11.493407 3.573948 26.949911 1.1071545 3.5604823 8.348672 0.9387414 0.95831114 0.9764626 1081.6895 542.9127 131.39491 0.0 0.0 0.0 0.04134874 0.023234744 0.16041504 0.0030252642 0.0015842316 0.001110099 0.88870436 0.87495685 0.8374784 8.0 7.0 16.0 0.399580356030434 True 1.5301472878445133 
13.54405229086202 -26.27335684278514 19.609419 20.62924 18.830376 14.329544 5.601499 29.366354 1.6623758 4.2526274 8.715153 0.9568257 0.9707082 0.9835083 1205.0199 583.74506 156.67957 0.0 0.0 0.0 0.0035088279 0.0030559339 0.0068258755 0.029925274 0.017576989 0.038570724 0.73467106 0.7696324 0.8206326 11.0 10.0 18.0 0.3785790642611791 True 1.6385741835439638 
13.66160916347554 -26.28005572241668 18.425058 19.124283 17.92991 42.655643 22.40199 67.30325 3.0313764 5.772045 9.107293 0.9494574 0.9656664 0.9806477 521.609 229.77998 74.68256 0.0 0.0 0.0 0.0013287991 0.0012026327 0.01428895 0.02878422 0.02195514 0.012286197 0.90909123 0.9000002 0.9853076 10.0 9.0 19.0 0.3601711436439802 True 1.6979971153682292 
13.74752706904517 -26.12763921162367 19.038736 19.658764 18.626274 24.238491 13.692859 35.43974 3.160176 5.5940037 8.17914 0.9440212 0.96193856 0.9785283 1052.2175 524.792 148.20618 0.0 0.0 0.0 0.054724075 0.04996456 0.005468369 0.022797044 0.015156014 0.012434265 0.99998313 0.99891883 0.9999964 14.0 13.0 23.0 0.3803891370893272 True 1.6172308359059158 
14.05986582980149 -25.77918593338068 19.883902 20.85028 19.193855 11.128577 4.569697 21.011541 2.3419185 5.7032704 10.768179 0.9388646 0.9583959 0.9765109 1434.1547 657.1068 320.9092 0.0 0.0 0.0 0.0014798888 0.13790996 0.024085227 0.013507187 0.011801612 0.047472954 0.87831277 0.8645343 0.94391656 7.0 6.0 17.0 0.399580356030434 True 1.5744002496781728 
13.27624573004301 -26.34685063834342 19.390593 20.23635 18.73023 17.529245 8.043779 32.20387 2.8335285 6.1749105 11.344243 0.96215826 0.9743491 0.98557 2892.8804 1147.1068 242.45987 0.0 0.0 0.0 0.026957715 0.015767092 0.031390987 0.0010906977 0.0004148094 0.00032361405 0.9457678 0.9658535 0.99923044 17.0 15.0 19.0 0.4025443065996604 True 1.6047628718089275 
13.77714044334436 -26.21361408720979 19.935946 20.28554 19.746098 10.607705 7.6874776 12.634591 3.5948617 4.960435 5.908259 0.9447422 0.96243334 0.97880983 1360.8345 922.8178 338.5325 0.0 0.0 0.0 8.944068e-05 0.00011408108 0.033294898 1.8733573 1.7316407 2.192265 0.84659165 0.91665345 0.9575232 11.0 11.0 21.0 0.3600066330466126 True 1.701560542227994 
13.36295710248981 -26.33718046176843 19.95941 20.8497 19.349861 10.380922 4.5721374 18.199335 2.3723059 5.3862605 9.442933 0.9603412 0.97310925 0.9848683 3809.0842 1494.8248 363.85934 0.0 0.0 0.0 0.03579041 0.0018775238 0.04900475 0.0018188473 0.000748601 0.000634946 0.99879223 0.9989453 0.99851096 15.0 13.0 19.0 0.4035385928767442 True 1.624449347337539 
13.6132579078738 -26.28188199928113 19.46084 20.45272 18.701035 16.43099 6.5903997 33.081596 1.7934037 4.4712615 9.002285 0.9529365 0.9680486 0.9820001 1456.3757 645.80536 167.13098 0.0 0.0 0.0 0.0020121504 0.0016617642 0.018308638 0.00026971495 0.0002071504 0.0016404446 0.99990994 0.9999251 0.899924 11.0 10.0 18.0 0.3785790642611791 True 1.6769219908911157 
14.07964522484352 -25.77738115492505 18.636837 19.476767 18.005991 35.09663 16.191742 62.74851 2.6743915 5.7969136 10.364178 0.9391857 0.9586167 0.9766367 525.3731 277.37335 104.83125 0.0 0.0 0.0 0.00090001867 0.00046317666 0.017387185 0.022342924 0.035225693 0.05838834 0.9999704 0.99997336 0.9999957 9.0 8.0 19.0 0.3557727925034939 True 1.587695860226404 
13.97043573744519 -25.98880179513789 18.902416 19.951809 18.167297 27.481049 10.453861 54.085556 2.186701 5.748387 11.313422 0.94432855 0.9621495 0.97864836 980.35834 420.11038 131.05167 0.0 0.0 0.0 0.00061801844 0.0008442669 0.017453693 0.03198615 0.018746587 0.00906152 0.8461561 0.83335453 0.96746224 11.0 10.0 22.0 0.3823958232419115 True 1.6472746941851273 
13.33930620908157 -26.35605945557764 19.083302 20.008345 18.48262 23.263744 9.923435 40.453102 3.0032413 7.0405703 12.242781 0.96025115 0.97304773 0.9848335 2058.943 814.65326 182.57712 0.0 0.0 0.0 0.06963528 0.014171756 0.02869221 0.000672564 0.000829551 0.0009602999 0.9411147 0.9332897 0.85935146 16.0 14.0 18.0 0.3858864426734647 True 1.6337378022232174 
13.51348605498222 -26.34826803745256 19.253342 20.39068 18.443636 19.89129 6.977952 41.931995 1.4685599 4.1862645 8.824888 0.9553417 0.96969384 0.9829333 1765.8937 604.44385 123.91734 0.0 0.0 0.0 0.012635198 0.02526194 0.033269055 0.031897493 0.012199391 0.001872596 0.9991982 0.9992872 0.9989713 16.0 13.0 20.0 0.3751817364001562 True 1.6915477067689728 
13.95160746558784 -26.07099682877523 19.927385 20.341682 19.687164 10.691687 7.3000712 13.339331 2.218302 3.248926 4.053476 0.94269377 0.96102715 0.97800964 1668.372 815.2775 70.06176 0.0 0.0 0.0 0.0028941152 0.08357127 0.006896942 0.009179041 0.00759951 0.006906889 0.9993616 0.99943566 0.99920475 13.0 12.0 10.0 0.3528910768286786 True 1.6932857500745029 
13.53014225164878 -26.31534343029478 18.609755 20.161327 17.72637 35.983063 8.619235 81.1806 1.9758642 8.248718 18.609755 0.95571774 0.9699509 0.983079 1094.5026 411.5185 103.66652 0.0 0.0 0.0 0.011396744 0.011533904 0.011487709 0.007995899 0.004560848 0.0028516264 0.88127077 0.98010874 0.99322164 15.0 14.0 23.0 0.3762484875931047 True 1.6693531934772272 
13.91074916823701 -25.90434033469952 18.988092 20.36272 18.11381 25.395878 7.159983 56.81673 1.7301912 6.1368475 13.729614 0.9413679 0.9601165 0.97749114 867.92847 431.75082 59.366035 0.0 0.0 0.0 0.0031390488 0.0030370217 0.0037036971 0.035424393 0.018665858 0.010850664 0.93438315 0.9989886 0.77988845 11.0 11.0 14.0 0.4297841775680604 True 1.5507174673538917 
13.92605885420738 -26.0143571615932 19.940918 21.14036 19.183794 10.559247 3.4982896 21.207169 1.1253283 3.3966942 6.8219132 0.9429877 0.96122897 0.9781245 2321.865 1043.792 243.8904 0.0 0.0 0.0 0.019314645 0.003006811 0.0160481 0.0009626461 0.004945803 0.004117031 0.9998774 0.92479765 0.9999186 14.0 12.0 21.0 0.3748272161450813 True 1.6369198976380783 
14.07986629733293 -25.76882803265204 19.369656 20.178408 18.721962 17.870554 8.484713 32.450016 2.291029 4.8253794 8.762102 0.9392935 0.95869076 0.97667897 794.09064 460.72 174.97585 0.0 0.0 0.0 0.0019586226 0.001924498 0.02615248 0.030636728 0.011737457 0.0023761098 0.999865 0.87492824 0.99964297 7.0 7.0 18.0 0.3557727925034939 True 1.582906420507597 
13.79324374372008 -26.15785360319467 18.875118 20.186726 18.015879 28.18077 8.419961 62.1797 1.4997596 5.019546 11.075419 0.94337994 0.9614983 0.9782778 574.8293 255.84239 68.05256 0.0 0.0 0.0 0.06980421 0.07149908 0.09517674 0.055502854 0.018877026 0.008598953 0.9639633 0.9639028 0.8807565 12.0 11.0 21.0 0.3573904526079352 True 1.6660450266318372 
13.79079586696396 -26.07642108569141 19.669989 20.944216 18.870838 13.55204 4.1909595 28.29207 1.1910949 3.8515682 8.04077 0.9418369 0.96043867 0.9776746 1398.6882 597.5413 84.45642 0.0 0.0 0.0 0.008196607 0.090013 0.0046332437 0.018745674 0.011705708 0.005208936 0.8706554 0.8330445 0.9224516 11.0 10.0 12.0 0.3802072773187359 True 1.6015434891810114 
13.95065733335035 -26.03002126609407 19.98991 21.073414 19.156868 10.093366 3.7207825 21.739658 1.425741 3.867607 8.33027 0.9432551 0.9614126 0.97822905 2338.7288 1092.7155 250.88742 0.0 0.0 0.0 0.00091042806 0.0008407631 0.019018833 0.028701548 0.0062207337 0.03939346 0.923077 0.91754895 0.95 12.0 11.0 19.0 0.3748272161450813 True 1.6634634880018218 
13.70892826270117 -26.25950922003791 19.405062 20.801167 18.655758 17.297182 4.781161 34.490276 2.0907576 7.563898 15.082279 0.94807273 0.96471757 0.98010856 1620.701 696.99225 260.22638 0.0 0.0 0.0 0.013654022 0.02163636 0.0197078 0.00094934285 0.0009208887 0.0003226002 0.8216526 0.8209075 0.95276266 9.0 9.0 20.0 0.3613278158019747 True 1.7038764412516765 
13.95624856701359 -26.02983889491188 18.350796 18.881594 17.93893 45.67534 28.013165 66.74637 5.3701015 8.755925 12.795226 0.9433783 0.96149725 0.9782772 687.10114 344.82104 98.06808 0.0 0.0 0.0 0.0015419214 0.0023538712 0.023369994 0.026162317 0.014104221 0.007690365 0.9997135 0.91778123 0.9050417 12.0 11.0 19.0 0.3748272161450813 True 1.6668542369948474 
13.64853619261683 -26.32251032777865 19.402338 19.758396 19.19576 17.340633 12.492272 20.974682 1.0106113 1.4028386 1.6968291 0.94710535 0.96405435 0.9797316 490.5497 233.69154 59.75582 0.0 0.0 0.0 0.001203377 0.0009987772 0.004235374 0.037812427 0.05751808 0.11775995 0.9998237 0.9998655 0.99973774 11.0 10.0 21.0 0.3567419411633274 True 1.7278690418796308 
13.9900582139041 -25.80504017009429 19.831833 21.39848 18.965559 11.675267 2.7580867 25.928452 1.1834098 5.009496 11.125097 0.93887496 0.958403 0.976515 1580.9912 691.3791 290.11322 0.0 0.0 0.0 0.0010830876 0.0009890089 0.011069666 0.0064143534 0.0033806118 0.0030852084 0.8888866 0.7777787 0.95453936 8.0 7.0 21.0 0.4183340598133755 True 1.5401911992339157 
13.99199097428636 -25.8231821007047 19.604277 20.293741 19.207767 14.39758 7.6296306 20.744015 2.162435 4.0806475 5.8793917 0.9392656 0.95867157 0.976668 775.13 415.29236 192.50414 0.0 0.0 0.0 0.0027326192 0.0025035779 0.049785316 0.03445448 0.022025188 0.017315356 0.7775647 0.7550586 0.9978195 7.0 6.0 21.0 0.4183340598133755 True 1.5528085529111657 
13.70887706498397 -26.25567701871677 19.738129 21.566034 18.695631 12.72766 2.3636649 33.24662 0.81051 4.3643646 11.400397 0.9481403 0.9647639 0.9801349 927.38824 439.51218 180.33511 0.0 0.0 0.0 0.013534761 0.014250585 0.013452788 0.10110608 0.07522209 0.08792975 0.63598067 0.6561669 0.9071817 7.0 7.0 20.0 0.3613278158019747 True 1.700680701921912 
13.76201510526244 -26.09860951574463 18.914001 20.281803 18.121502 27.189371 7.7139816 56.41558 2.1574352 7.6042843 15.778228 0.94242173 0.96084034 0.9779033 887.67615 344.27615 122.60502 0.0 0.0 0.0 0.028985107 0.020200184 0.022227854 0.013610541 0.012204137 0.0070265536 0.7089315 0.66775703 0.9075457 10.0 9.0 21.0 0.3803891370893272 True 1.60243176885567 
13.62980599499288 -26.23190124759071 19.59565 21.165056 18.763077 14.512419 3.419618 31.244184 1.2518196 5.3125615 11.437559 0.9545974 0.9691849 0.9826447 1394.1582 641.58734 74.7732 0.0 0.0 0.0 0.08902396 0.008184535 0.07543726 0.022530606 0.0057316627 0.004022274 0.91635466 0.9164232 0.6455504 11.0 10.0 10.0 0.3853331510052615 True 1.642244550333444 
14.09500121342495 -25.85335852296819 19.761684 20.797401 19.028654 12.454494 4.797767 24.464611 1.3906518 3.6099849 7.091165 0.939749 0.9590039 0.97685736 1224.6449 640.306 197.2725 0.0 0.0 0.0 0.015683196 0.0038608052 0.023532877 0.0078053805 0.0068111117 0.009907033 0.90910435 0.9999999 0.9245272 10.0 9.0 20.0 0.3653441262479182 True 1.643850972812137 
13.37367466818382 -26.34333874639759 19.898304 21.214209 19.180437 10.98192 3.2682607 21.272839 1.4681315 4.9331756 9.555947 0.95989925 0.9728075 0.98469746 3361.9197 1040.2057 267.957 0.0 0.0 0.0 0.0035488796 0.002281342 0.008718958 0.0010347482 0.002009421 0.0005300651 0.8893211 0.7999098 0.95755273 15.0 12.0 18.0 0.4035385928767442 True 1.633868234678114 
13.5611437929216 -26.24229732667862 18.60347 18.693867 18.52408 36.19198 33.300667 38.937466 11.682607 12.696943 13.66012 0.9576992 0.9713051 0.9838465 798.7811 579.76013 101.79514 0.0 0.0 0.0 0.00024730587 0.0015509528 0.0035708782 0.0031161564 0.0021204147 0.052754488 0.85713494 0.8459305 0.5480174 12.0 11.0 12.0 0.4041376829427463 True 1.6192503694945772 
13.99211733147985 -25.88320119344978 18.372507 18.939611 17.897861 44.771027 26.555578 69.31944 5.5171223 9.30152 14.401639 0.941638 0.96030205 0.9775968 368.935 213.86073 118.03139 0.0 0.0 0.0 0.005606792 0.015538729 0.019662634 0.020909585 0.014232818 0.010374743 0.7264656 0.77506655 0.8742283 8.0 7.0 21.0 0.4053401153549545 True 1.5910500685203142 
13.76074812640869 -26.08684410663349 19.699276 20.574034 19.04371 13.191368 5.893676 24.127693 1.4656122 3.2803686 5.9999638 0.9419032 0.9604842 0.97770053 1091.8746 558.5044 181.20534 0.0 0.0 0.0 0.0025332235 0.0022627483 0.010985247 0.0023110183 0.0013651592 0.00048653636 0.8613527 0.8415434 0.9541691 9.0 8.0 21.0 0.3803891370893272 True 1.5925724183590555 
13.78132426371779 -26.21011777658032 19.288174 20.872454 18.297745 19.263288 4.477327 47.962543 1.1928556 5.1321526 12.778248 0.9445026 0.96226895 0.9787163 1160.103 496.50897 127.59927 0.0 0.0 0.0 0.020179352 0.019485332 0.031638477 0.08814734 0.030712888 0.010393116 0.99475944 0.99789023 0.95574284 13.0 12.0 22.0 0.3600066330466126 True 1.700987469264413 
13.78970566990089 -26.09023497486952 18.984081 20.317368 18.234243 25.489864 7.4654016 50.851364 1.972253 6.73406 13.434206 0.94214123 0.9606477 0.97779363 694.1332 310.23987 118.36182 0.0 0.0 0.0 0.061956614 0.085583776 0.06117906 0.054187324 0.01833735 0.010404073 0.81622505 0.8245031 0.9527176 9.0 9.0 21.0 0.3802072773187359 True 1.6115223307273838 
13.989080077277 -25.88987090901456 19.978073 21.528004 19.048801 10.204002 2.4479275 24.014841 0.9086272 3.7875443 8.913881 0.9421857 0.9606783 0.97781104 767.60144 372.42474 234.37206 0.0 0.0 0.0 0.00072500587 0.0009522184 0.0028445888 0.048679058 0.041806415 0.037753217 0.60003746 0.5573673 0.8334281 6.0 5.0 20.0 0.4053401153549545 True 1.5933140779990715 
13.69514666070728 -26.20327533358198 19.741522 21.60678 18.694984 12.687943 2.2766104 33.266426 0.85382503 4.7585144 12.476314 0.94870675 0.9651521 0.9803555 1897.482 771.7464 208.71382 0.0 0.0 0.0 0.002954305 0.0027882075 0.0032797093 0.00897496 0.0022867515 0.0017334094 0.9230749 0.91668814 0.9999972 12.0 11.0 21.0 0.3879278874843193 True 1.6506157205332623 
14.07007875969385 -25.67616905774261 19.854261 21.443972 19.036865 11.436551 2.6449149 24.28031 1.0117179 4.374645 9.287567 0.94362867 0.9616691 0.97837496 1273.9661 601.4713 320.02942 0.0 0.0 0.0 0.002170257 0.0034724222 0.029412262 0.018853486 0.018033586 0.0031782996 0.90262157 0.89016986 0.9999963 9.0 8.0 27.0 0.3544887767503873 True 1.5239264053997623 
13.71063730668135 -26.19708091994706 19.401947 19.966932 19.046911 17.346869 10.309247 24.056677 3.9614491 6.665738 9.2440605 0.94743156 0.96427804 0.97985876 1646.4751 891.27075 259.39478 0.0 0.0 0.0 0.0020727809 0.0023433804 0.025805524 0.012027149 0.0167034 0.018484816 0.89896524 0.99948925 0.9195766 12.0 11.0 21.0 0.3613278158019747 True 1.6534589464484233 
13.62656364756242 -26.27102873991225 18.765497 19.732307 18.068405 31.174606 12.796073 59.243126 3.2582524 7.937962 15.085023 0.95280564 0.96795905 0.98194927 1182.4158 517.1718 147.59116 0.0 0.0 0.0 0.000606906 0.0005056675 0.03661016 0.017699517 0.010218717 0.007552993 0.9997353 0.99949414 0.90592945 12.0 11.0 19.0 0.3853331510052615 True 1.6738288721829708 
13.64125119611326 -26.31521725507898 19.51244 20.234705 18.906614 15.66838 8.055974 27.375013 1.5301864 2.9761193 5.1997275 0.9481067 0.9647408 0.9801218 1135.4587 601.6952 154.23462 0.0 0.0 0.0 0.05348923 0.02101008 0.024873605 0.035049956 0.021333829 0.0031270687 0.9098744 0.9131434 0.999998 12.0 11.0 22.0 0.3567419411633274 True 1.7182837795930668 
14.08724222836255 -25.732311734385 19.806063 20.952377 19.111492 11.955698 4.159574 22.667479 1.1388234 3.2732747 6.205985 0.9402086 0.95931983 0.9770374 722.31995 379.02463 196.94666 0.0 0.0 0.0 0.08271047 0.08254342 0.08756264 0.03176447 0.028708875 0.034503732 0.9859451 0.9857821 0.98533285 9.0 8.0 28.0 0.3713303597641388 True 1.567585406228357 
13.51625738425686 -26.3105279372062 19.308397 20.767063 18.537773 18.907799 4.933726 38.449493 1.9953684 7.6469636 15.550297 0.95663726 0.97057945 0.98343533 2538.2073 852.217 242.0936 0.0 0.0 0.0 0.00092405017 0.006944255 0.0225053 0.004279666 0.0016958974 0.0013102829 0.88889974 0.8683347 0.9999962 16.0 13.0 23.0 0.3762484875931047 True 1.6592931436478815 
13.73713949583291 -26.1992251939538 19.492008 20.06749 19.118528 15.966025 9.39732 22.521044 1.6539272 2.8100188 3.9637015 0.94573504 0.96311456 0.9791973 1043.9933 548.53986 121.00207 0.0 0.0 0.0 0.0038562664 0.004524738 0.007178999 0.0054175267 0.009396856 0.009388883 0.9719043 0.9983579 0.95627666 14.0 13.0 22.0 0.3600066330466126 True 1.6689257143505043 
13.89181494213832 -26.01785284779078 18.29022 19.056633 17.675436 48.296074 23.842216 85.07964 6.751052 13.675294 24.09076 0.94244015 0.960853 0.9779105 863.8657 370.69894 147.09155 0.0 0.0 0.0 0.0007645979 0.00072727096 0.06396895 0.0030534903 0.00284968 0.0021489337 0.7039183 0.69232315 0.84272957 10.0 9.0 19.0 0.3989912342037404 True 1.6181157354163078 
13.63555271492572 -26.20293236853637 18.587381 18.993917 18.35804 36.73225 25.259964 45.371586 1.2713829 1.8488052 2.28364 0.95442516 0.96906704 0.98257786 233.65346 107.25306 26.398624 0.0 0.0 0.0 0.010610717 0.009828936 0.017133798 0.047826223 0.034537278 0.023351885 0.92395175 0.92059606 0.9545391 12.0 11.0 21.0 0.3879278874843193 True 1.6207047130728596 
14.11236067309018 -25.780478303922 19.657173 21.474121 18.673603 13.712938 2.5724785 33.92802 0.97065216 5.17419 12.801781 0.94013816 0.95927143 0.9770098 1411.668 609.6602 208.25394 0.0 0.0 0.0 0.00027146615 0.00077008625 0.0035843658 0.0045145587 0.001494305 0.0015068273 0.99999994 0.99999994 0.99999934 9.0 8.0 19.0 0.3557727925034939 True 1.6133617218454344 
14.04693538231734 -25.84066880237372 19.97699 21.549171 19.117489 10.214189 2.400664 22.54264 1.1989083 5.1010365 11.257952 0.93920636 0.95863086 0.9766448 2665.1963 1220.7379 333.17288 0.0 0.0 0.0 0.0031076027 0.0025442035 0.024798343 1.8021965e-05 4.855947e-06 0.00011561568 0.9891579 0.999843 0.8285473 11.0 10.0 19.0 0.3820303457079781 True 1.6021395214931378 
13.81117844776905 -26.10025668703422 18.415577 18.936497 18.067616 43.029762 26.63187 59.28625 1.659435 2.6811895 3.6941333 0.94268197 0.96101904 0.97800505 231.39502 107.47005 30.577576 0.0 0.0 0.0 0.035749782 0.04308393 0.034651674 0.0493879 0.026431594 0.015581212 0.7698867 0.8062909 0.90090847 10.0 10.0 21.0 0.3577149848346209 True 1.6314455406937602 
13.6402287565222 -26.25491398571901 19.0185 20.360884 18.20297 24.69449 7.1721053 52.337334 2.9848557 10.277246 21.781523 0.95269275 0.9678818 0.98190546 1098.2035 427.5522 241.9927 0.0 0.0 0.0 0.0006343001 0.0007630339 0.031166222 0.002738638 0.0017935924 0.0013764331 0.7321738 0.6724276 1.0 7.0 6.0 20.0 0.3853331510052615 True 1.6666155962353353 
13.66028138674167 -26.22174725005872 18.103548 19.046087 17.451494 57.35629 24.074953 104.56876 4.8153768 11.472178 20.915428 0.95171773 0.96721447 0.9815267 638.16077 299.4249 116.81842 0.0 0.0 0.0 0.061880637 0.0002458538 0.01306939 0.04531387 0.021907672 0.008807508 0.9166748 0.90909684 0.99990267 11.0 10.0 22.0 0.3879278874843193 True 1.648490828887309 
13.76685434141674 -26.08561657950604 19.79192 20.139654 19.598536 12.112461 8.793021 14.473906 2.9178767 4.0193996 4.8030214 0.94179237 0.96040803 0.97765714 975.28125 596.46375 219.02495 0.0 0.0 0.0 0.0030209539 0.0027275702 0.051504295 0.0013966295 0.0006720762 0.0001603323 0.7620512 0.82281643 0.9399774 8.0 7.0 22.0 0.3803891370893272 True 1.5950463068093614 
13.99481614379406 -25.97772321862104 19.73838 21.546696 18.827944 12.724699 2.4061453 29.43218 1.0584762 5.5976634 12.947374 0.9451595 0.9627197 0.97897273 2290.0867 975.3637 301.31122 0.0 0.0 0.0 0.0014039949 0.0013364761 0.008653449 0.003697783 0.003019981 0.0035304173 1.0 0.9166667 0.99997157 12.0 11.0 24.0 0.3823958232419115 True 1.6555328189800735 
14.00320691932557 -25.76173598045988 19.621223 20.860125 18.907396 14.174589 4.5284586 27.355322 1.1497666 3.5988996 6.9454618 0.9383867 0.95806724 0.9763236 685.0258 360.41287 143.87538 0.0 0.0 0.0 0.004958395 0.0044448264 0.010882909 0.042043757 0.034203723 0.03435462 0.75086063 0.999595 0.9990828 6.0 6.0 18.0 0.399580356030434 True 1.5232512495625006 
13.52670623372157 -26.36806176611881 19.845383 21.380148 19.040434 11.530465 2.8050513 24.200632 1.2270726 5.044014 10.586592 0.9544767 0.9691023 0.9825978 3547.334 1107.4346 290.82556 0.0 0.0 0.0 0.019846587 0.0834499 0.009119309 0.0011251987 0.00033029797 0.00065399427 0.9996482 0.9996977 0.9994731 16.0 13.0 22.0 0.3569040241394704 True 1.7145033727596666 
14.06071415384959 -25.74798400133282 19.32364 20.99445 18.451982 18.64419 4.001478 41.610886 1.1231232 5.2329965 11.679222 0.93938655 0.9587547 0.97671545 705.98157 348.0445 32.314213 0.0 0.0 0.0 0.044629075 0.02274124 0.02414438 0.06855312 0.055797447 0.06700411 0.8589927 0.8771597 0.50899017 9.0 8.0 8.0 0.3713303597641388 True 1.5569136412696314 
13.76103704117681 -26.1831102274382 18.865559 20.151827 18.139246 28.429958 8.694996 55.5011 2.4407318 7.9804406 15.579454 0.94456315 0.9623105 0.9787399 1023.629 352.67703 111.61407 0.0 0.0 0.0 0.0022088015 0.05926078 0.029366164 0.028086394 0.022171365 0.022430459 0.92847043 0.8487165 0.9058259 13.0 11.0 19.0 0.3600066330466126 True 1.6685865979260168 
13.87262988267916 -26.08002485593052 19.860962 21.361656 18.823883 11.366191 2.8532345 29.542482 0.7384295 2.9416194 7.6457224 0.9434495 0.96154606 0.978305 1369.4602 680.9665 86.850235 0.0 0.0 0.0 0.021889053 0.0086259805 0.028970182 0.030300697 0.013357505 0.008045547 0.8551451 0.83316386 0.66023666 12.0 11.0 15.0 0.3648379335037067 True 1.65200666958842 
13.97036570843669 -26.08968825588293 19.602718 20.477173 18.967487 14.418243 6.4436326 25.88245 2.036919 4.5578012 8.181791 0.94252086 0.9609084 0.97794205 1034.5112 530.5368 189.0707 0.0 0.0 0.0 0.0043897536 0.016229155 0.07023312 0.23556569 0.3437248 0.8130523 0.7999506 0.80059695 0.9999022 8.0 8.0 21.0 0.3528910768286786 True 1.7183135640202782 
14.09013713245032 -25.66565824645944 19.690615 20.1978 19.400244 13.297014 8.33451 17.37412 1.817398 2.8995068 3.7885482 0.9442989 0.9621292 0.9786368 581.3624 338.22913 171.39192 0.0 0.0 0.0 0.005283637 0.029138936 0.08416264 0.08451463 0.12463601 0.21768637 1.0 1.0 1.0 9.0 8.0 29.0 0.3544887767503873 True 1.533507200719618 
14.02254857557071 -25.77426458716234 18.87938 19.605827 18.398981 28.070387 14.377033 43.692566 2.4150789 4.715312 7.3395524 0.9384934 0.95814055 0.9763654 506.70386 254.605 97.20853 0.0 0.0 0.0 0.0007902312 0.0007518132 0.004224639 0.031088123 0.04238174 0.013274036 0.80527437 0.7843897 0.90765244 8.0 7.0 18.0 0.399580356030434 True 1.544597885921562 
13.71802834960447 -26.26919605142185 18.15879 18.671244 17.80129 54.51091 34.00185 75.767586 3.8589606 6.186589 8.599066 0.94756424 0.964369 0.9799105 362.5151 178.41924 63.15057 0.0 0.0 0.0 0.0069060083 0.0042236056 0.016557435 0.024782956 0.011990813 0.0045562186 0.82029015 0.75006837 0.9637765 9.0 9.0 20.0 0.3613278158019747 True 1.7164194939638744 
13.61770284971283 -26.32039017094052 18.860662 19.505411 18.383507 28.558466 15.770134 44.31976 5.734003 10.383826 16.114614 0.9497324 0.9658549 0.98075473 1291.1842 621.2732 238.21948 0.0 0.0 0.0 0.0014110532 0.06701978 0.031204456 0.0026676757 0.0026245513 0.0033663607 0.846154 0.83333325 0.9090921 11.0 10.0 20.0 0.3567419411633274 True 1.7119691763708829 
13.97744488102191 -25.81675276241375 19.523386 20.246025 19.019876 15.51121 7.9724154 24.663198 1.6647477 3.2389498 5.150008 0.9391099 0.9585646 0.976607 950.88306 525.3163 153.9313 0.0 0.0 256.0 0.004826402 0.0011815805 0.016834706 0.0010850846 0.0010702532 0.0038710271 0.99944454 0.999518 0.96571434 11.0 10.0 22.0 0.4183340598133755 True 1.5386520144438995 
13.55532413209336 -26.22378838467844 19.821709 21.69802 18.837969 11.784636 2.0931082 29.161657 0.9336215 5.256484 13.007426 0.9587502 0.97202295 0.98425317 2508.2568 1045.5056 283.7415 0.0 0.0 0.0 0.0027049144 0.0021501246 0.01594973 0.0059193266 0.0021931161 0.0016555896 0.9286203 0.9999997 0.9999901 13.0 12.0 21.0 0.4041376829427463 True 1.600693034280006 
13.95127182588921 -26.02664905997171 19.820848 21.611084 18.918926 11.793993 2.267601 27.066347 0.8645601 4.4966536 10.319489 0.9433198 0.961457 0.9782543 2052.2817 834.39795 192.09288 0.0 0.0 0.0 0.0067987815 0.005859605 0.006259956 0.02512517 0.0088995425 0.008076315 0.99999964 0.91666645 0.9559089 12.0 11.0 18.0 0.3748272161450813 True 1.661466554117896 
