RA DEC MAG_R MAG_G MAG_Z FLUX_R FLUX_G FLUX_Z FIBERFLUX_G FIBERFLUX_R FIBERFLUX_Z MW_TRANSMISSION_G MW_TRANSMISSION_R MW_TRANSMISSION_Z FLUX_IVAR_G FLUX_IVAR_R FLUX_IVAR_Z GAIA_PHOT_G_MEAN_MAG GAIA_PHOT_G_MEAN_MAG_1 MASKBITS FRACMASKED_G FRACMASKED_R FRACMASKED_Z FRACFLUX_G FRACFLUX_R FRACFLUX_Z FRACIN_G FRACIN_R FRACIN_Z NOBS_G NOBS_R NOBS_Z PROB LOCAL SEP 0
11.78902291273418 -24.72108047165786 19.757849 20.874615 19.018112 12.498574 4.468424 24.703304 1.893042 5.295005 10.465523 0.9395598 0.95887387 0.9767833 1365.4617 745.8788 76.865715 0.0 0.0 0.0 0.0036578968 0.056052238 0.030658446 0.014055885 0.00857289 0.0020841658 0.9080505 0.9102087 0.88813967 10.0 10.0 8.0 0.6316412637478668 True 0.7960218286624585 
11.7311808669667 -25.00524800317535 19.758907 20.63661 19.15008 12.486387 5.5635977 21.876007 1.7939377 4.026136 7.0537443 0.9283334 0.951141 0.97236925 1287.413 759.9862 182.30765 0.0 0.0 0.0 0.0009709513 0.0010044106 0.0071140477 0.026643073 0.021324225 0.018282413 1.0000001 1.0 1.0 11.0 11.0 16.0 0.549807093546034 True 0.853276051755613 
11.86738768517218 -25.15566528329967 19.762716 20.459784 19.123444 12.442658 6.5476723 22.419312 0.60091734 1.1419338 2.0575483 0.94606924 0.9633438 0.9793277 141.9054 102.71429 4.0521226 0.0 0.0 0.0 0.1255017 0.12202535 0.06835375 1.2224122 0.9648117 2.262792 0.6540946 0.6728399 0.44956627 10.0 11.0 5.0 0.5661420054619701 True 0.7792001065298373 
11.97855943758514 -24.84423812616926 19.764435 20.413427 19.260347 12.42299 6.8332767 19.763369 2.3359716 4.246828 6.756154 0.94116634 0.959978 0.9774123 1359.655 777.6883 215.47148 0.0 0.0 0.0 0.004302413 0.020510372 0.00047751464 0.056367945 0.055249974 0.008716679 0.8602281 0.85750633 0.9507376 12.0 12.0 19.0 0.7232553906432571 True 0.6140645186923228 
12.64499851049412 -24.39022766789715 19.767544 21.485859 18.88735 12.387468 2.5448146 27.865072 0.9451965 4.6009603 10.349661 0.9543743 0.9690322 0.98255813 1111.3772 484.6711 347.34973 0.0 0.0 0.0 0.0017602402 0.0010797133 0.0034755513 0.001920024 0.00057884236 0.0010791862 0.8888888 0.87499994 1.0 8.0 7.0 27.0 0.8471751150339428 True 0.4515359364654446 
11.67669906989065 -25.15745315987463 19.768892 20.676445 18.752968 12.372093 5.3631763 31.536472 0.6398632 1.4760743 3.762514 0.94589496 0.96322423 0.97925967 353.78098 214.40526 14.79947 0.0 0.0 0.0 0.12386502 0.12251267 0.11632648 0.15452243 0.10316294 0.08425992 0.9006274 0.9034432 0.96404386 13.0 13.0 11.0 0.5063955303880592 True 0.94033249191623 
11.93629217119379 -24.84647692799781 19.768936 21.217314 18.929562 12.371588 3.2589283 26.802517 1.1515437 4.371506 9.470681 0.93935317 0.95873183 0.97670233 1237.3008 654.7857 191.60847 0.0 0.0 0.0 0.009630834 0.021557057 0.008758538 0.092697784 0.03619457 0.010373522 0.9167863 0.8462702 0.9498833 11.0 11.0 19.0 0.7232553906432571 True 0.6524206347362358 
11.78812141174242 -25.1395406885291 19.774729 20.710602 18.979506 12.305763 5.1970773 25.59752 0.80705965 1.910975 3.9750662 0.9460368 0.96332157 0.97931504 427.49878 258.67337 14.422762 0.0 0.0 0.0 0.009801672 0.010262384 0.00014208158 0.18692198 0.16940802 0.1253739 0.87849295 0.83864087 0.88135153 11.0 10.0 6.0 0.5354328711509226 True 0.839600757431166 
12.25320635553796 -25.65681232799651 19.776901 20.42517 19.472227 12.281163 6.759771 16.259562 1.0979036 1.9946731 2.6408339 0.952385 0.9676712 0.98178595 1266.1514 551.9766 106.97458 0.0 0.0 0.0 0.0018746665 0.0019169884 0.036100853 0.039664485 0.032503814 0.015597787 0.9999971 0.9331103 0.99999887 16.0 14.0 17.0 0.5394582498952347 True 0.8920726786767198 
12.21688029077203 -24.88601161039622 19.779697 21.375013 18.930727 12.249577 2.8183506 26.77376 1.0717684 4.6582947 10.181582 0.9420657 0.96059585 0.97776407 1053.1852 479.50415 122.60052 0.0 0.0 0.0 0.017886825 0.01012418 0.006740681 0.0023815513 0.0012787847 0.00030385732 0.7666952 0.80040896 0.66662884 10.0 8.0 9.0 0.8700074347793898 True 0.4001245536858622 
12.18289084382017 -25.28558672695142 19.78051 20.349577 19.437363 12.240413 7.2471867 16.79016 0.99505705 1.6806397 2.3053312 0.94643694 0.963596 0.9794711 468.96832 299.08673 112.05392 0.0 0.0 0.0 0.0008767375 0.0014464811 0.0029146494 0.015512147 0.016255453 0.016765302 0.8585809 0.85714895 1.0 12.0 12.0 29.0 0.6888127363215255 True 0.6160161995157084 
12.46634367638232 -24.83033934910827 19.781408 20.312288 19.437805 12.230283 7.5004067 16.783312 0.7652003 1.2477479 1.7122532 0.95326614 0.9682742 0.9821281 421.859 224.27852 19.814693 0.0 0.0 0.0 0.064547986 0.058897942 0.057001192 0.11732934 0.080492795 0.03203343 0.91374755 0.90927935 0.53898126 14.0 13.0 11.0 0.9471548823900476 True 0.1718107842507788 
12.29156231439689 -24.71253813245307 19.782646 21.010239 19.076035 12.216355 3.9437046 23.419952 0.9091114 2.8161407 5.398818 0.94784915 0.9645643 0.9800215 869.86804 402.81027 113.66963 0.0 0.0 0.0 0.016623622 0.015150828 0.040422793 0.03327374 0.017735686 0.007464787 0.9495189 0.89332396 0.9044273 12.0 11.0 19.0 0.8550800730707767 True 0.3547129597511916 
12.44385150524113 -24.46016371025104 19.783249 20.470959 19.36425 12.209573 6.4806223 17.95973 1.5157492 2.8556902 4.200591 0.9566846 0.9706118 0.98345363 980.2186 511.44537 244.02626 0.0 0.0 0.0 0.0010799496 0.0011778217 0.0018011353 0.006253319 0.0027625808 0.0034552058 1.0 1.0 1.0000001 11.0 10.0 27.0 0.9285011378864838 True 0.4272822382516515 
12.53523045742791 -24.48026381504953 19.784986 20.590994 19.33464 12.190051 5.802335 18.456255 2.1072195 4.4270306 6.702712 0.95531905 0.9696783 0.98292446 1256.455 676.63715 361.37698 0.0 0.0 0.0 0.028239965 0.026162796 0.012587675 0.05731263 0.044288594 0.029066797 0.9999994 0.9999993 0.99999857 11.0 10.0 28.0 0.9272296942527596 True 0.3775478007229003 
12.24515148950207 -24.5213574447273 19.785633 20.583395 19.273289 12.182796 5.8430805 19.529186 1.5552069 3.2425992 5.1979303 0.9539914 0.9687704 0.98240954 973.0088 626.4381 173.08344 0.0 0.0 0.0 0.0009543765 0.0009489739 0.013402785 0.004907411 0.0035900138 0.0020880941 0.8504729 0.91623956 0.9027033 10.0 11.0 18.0 0.8272499416437252 True 0.4917369081088127 
11.87054706743757 -25.15865650948909 19.78627 20.429436 19.224447 12.175648 6.7332697 20.427767 2.4273782 4.3893833 7.364315 0.94606996 0.9633443 0.9793279 1105.4366 800.06854 51.120506 0.0 0.0 0.0 0.08686772 0.11132283 0.0014851977 0.015123149 0.00996717 0.009934771 0.9091174 0.9166665 0.71429056 10.0 11.0 5.0 0.5661420054619701 True 0.777782059605326 
12.34615480938653 -24.94781219062905 19.787462 21.497753 18.90276 12.162286 2.5170915 27.472385 0.9699435 4.6866517 10.58629 0.9506805 0.9665042 0.98112345 1878.6652 712.2347 194.45323 0.0 0.0 2048.0 0.012177227 0.00022326197 0.00024166406 0.0326518 0.013584924 0.010875792 0.93390554 0.99999994 0.9375 13.0 10.0 15.0 0.9234297092101008 True 0.2996762490271443 
11.95799816704637 -24.7895637964736 19.788414 21.597559 18.628916 12.151629 2.2960231 35.353607 0.52455825 2.776208 8.077021 0.9436106 0.9616567 0.9783679 852.5058 446.42163 100.90476 0.0 0.0 0.0 0.046315882 0.042806752 0.043047257 0.0049870554 0.002106163 0.0029082545 0.9811192 0.9809946 0.98141503 12.0 12.0 21.0 0.7623735707556436 True 0.6351375426762105 
12.60391931397045 -24.59859209570105 19.79041 21.316473 19.004887 12.129316 2.974479 25.006077 1.5099103 6.1571054 12.693629 0.9523969 0.9676793 0.98179054 2024.3372 905.29254 350.12454 0.0 0.0 0.0 0.012434548 0.0019392022 0.039198235 0.023479499 0.0209027 0.014876639 0.99999994 1.0 1.0 10.0 9.0 18.0 0.9709099942401608 True 0.2475141208449834 
11.85526919998769 -25.15263043843184 19.790451 20.249836 19.354168 12.128851 7.9444857 18.127293 1.8295376 2.7931561 4.174539 0.9460659 0.96334153 0.97932637 687.17957 534.1484 20.501842 0.0 0.0 0.0 0.019097881 0.00023462255 5.4582226e-05 0.06027453 0.061467994 0.11160686 0.7529874 0.83395076 0.5714802 9.0 10.0 4.0 0.5661420054619701 True 0.7880656234522273 
11.71165208317243 -24.83443041376797 19.795248 20.779106 19.093237 12.075386 4.879299 23.051823 1.9430532 4.8087063 9.179785 0.922556 0.9471496 0.97008467 1479.3606 874.377 210.32518 0.0 0.0 0.0 0.004008884 0.0041589774 0.061114844 0.001689491 0.0007798599 0.0005542786 0.99980843 0.9854171 0.9484681 12.0 12.0 19.0 0.5708345374562322 True 0.8563635382934761 
12.18825475639646 -24.80357166300749 19.798662 21.409645 18.95911 12.037466 2.7298708 26.082909 1.1614529 5.1214695 11.097255 0.94656146 0.9636814 0.9795196 2353.3896 1037.0396 279.38934 0.0 0.0 0.0 0.0002024863 0.008249899 0.0006613924 0.0037085528 0.0013217106 0.004186273 0.9373417 0.9091672 0.807693 15.0 14.0 21.0 0.8630716173072233 True 0.4256178962571486 
11.76505346493838 -24.75915431144669 19.799397 21.116522 18.894793 12.029336 3.5759463 27.67468 0.9671886 3.2535827 7.4851894 0.934605 0.95546466 0.9748392 1047.9973 585.44476 152.82503 0.0 0.0 0.0 0.0017470969 0.0016874127 0.014174477 0.0027562184 0.0008817104 0.0006672043 0.9090909 0.83333325 0.9500001 10.0 10.0 19.0 0.6316412637478668 True 0.8125606790954627 
12.06803641412927 -24.72285662602891 19.799969 20.654697 19.077276 12.022987 5.4716825 23.393187 2.1327784 4.686377 9.118307 0.94556993 0.9630013 0.9791329 1282.7035 862.5108 93.61262 0.0 0.0 0.0 0.0014059598 0.0016298846 0.024807174 0.010110384 0.00587575 0.0014306601 0.77795357 0.9152983 0.43201116 9.0 11.0 9.0 0.8223802508701443 True 0.5464566770023973 
12.67534707705096 -24.47036472052448 19.79997 21.200085 18.905506 12.022972 3.3110507 27.402973 1.1871612 4.3107786 9.825204 0.9533587 0.9683375 0.982164 949.5971 498.3871 205.31894 0.0 0.0 0.0 0.0044619627 0.006419124 0.0067091193 0.031702075 0.013815517 0.006095546 0.8734847 0.9982858 0.8970066 7.0 7.0 17.0 0.8494229007363453 True 0.3717530575725262 
12.05833173806846 -25.49729005518705 19.804052 20.756508 19.22482 11.977846 4.981919 20.420767 1.3878213 3.3366883 5.6886463 0.94646436 0.9636148 0.97948176 1231.8127 401.4669 80.64956 0.0 0.0 0.0 0.015764596 0.16458702 0.0073955674 0.8681297 0.8917764 0.288688 0.92856836 0.88826597 0.8571429 13.0 8.0 6.0 0.5326643150961079 True 0.8485992884792125 
12.73442801086325 -24.51128614803054 19.806608 20.99146 19.147749 11.949699 4.0125055 21.92303 0.70445645 2.0979517 3.8489218 0.951322 0.9669435 0.9813729 474.81052 197.91725 95.02635 0.0 0.0 0.0 0.008138564 0.015113567 0.015714442 0.0760114 0.041905962 0.00739512 0.74275833 0.64101964 0.84193975 7.0 5.0 16.0 0.8499860786414237 True 0.3381458444036758 
12.03461854300619 -24.48415901053911 19.807743 21.289125 18.67888 11.937213 3.0503523 33.76355 0.42572188 1.666015 4.712204 0.9436433 0.9616791 0.9783807 389.20468 195.9208 46.94212 0.0 0.0 0.0 0.09633618 0.10983352 0.080155954 0.26511842 0.2064229 0.15013513 0.902134 0.9025574 0.9031877 12.0 11.0 19.0 0.7223464909647169 True 0.6684526196952105 
12.58381218832062 -24.59460348898513 19.807808 20.56326 19.323158 11.936489 5.9524546 18.652473 0.7787316 1.5615946 2.440215 0.95351154 0.9684421 0.98222333 216.71663 131.00606 41.082764 0.0 0.0 0.0 0.14437024 0.13840318 0.16388589 0.13796118 0.11400776 0.09519036 0.62500995 0.6780955 0.7191509 9.0 9.0 18.0 0.9662416333432152 True 0.2554585266445542 
11.64916011357632 -25.07142618125028 19.808872 20.850258 19.184996 11.924792 4.569794 21.183678 1.0591813 2.7639139 4.909927 0.94021654 0.95932525 0.97704047 800.82733 464.18793 41.08816 0.0 0.0 0.0 0.0032704931 0.003334007 0.0024221002 0.00029464194 0.00054461195 0.00022986419 0.9987583 0.99878055 0.88867444 9.0 9.0 8.0 0.5118303474843757 True 0.9398081334768652 
11.82414148234451 -24.83089449566884 19.809082 20.631443 19.265274 11.922489 5.5901403 19.673885 2.0602615 4.394066 7.2508645 0.9316018 0.9533955 0.9736577 1600.0848 973.1356 245.90138 0.0 0.0 0.0 0.0015281052 0.0016389163 0.0014624893 0.009252627 0.007330512 0.0043597524 0.9230769 0.92307687 1.0 12.0 12.0 19.0 0.671118742018779 True 0.7543444554139555 
12.22449944850073 -24.76151646518734 19.809313 20.790741 19.147285 11.919956 4.827296 21.93239 1.5604327 3.8531492 7.089688 0.9474842 0.9643141 0.97987926 1397.514 754.51227 352.18085 0.0 0.0 0.0 0.00047819855 0.000497264 0.0007589796 0.009245947 0.0042294385 0.0022527808 0.7857143 0.8797741 0.92214185 11.0 11.0 28.0 0.8653721679860558 True 0.3992685413974579 
12.79700428581398 -24.41956915143756 19.809383 21.594854 18.875189 11.919185 2.3017488 28.178938 1.0769861 5.5769753 13.184898 0.9447688 0.9624516 0.9788202 1174.2872 507.70917 68.72338 0.0 0.0 0.0 0.0019538451 0.0017403074 0.0036319408 0.0005659732 0.00037661433 0.00041213378 0.9995278 0.9996354 0.749372 6.0 5.0 6.0 0.7551081323801894 True 0.4413934989607617 
12.15061083722269 -24.70991574679089 19.809557 21.560177 18.802607 11.917273 2.3764534 30.127102 0.6217466 3.1178916 7.882092 0.9506022 0.9664506 0.98109305 897.9527 442.1173 166.01491 0.0 0.0 0.0 0.0012793984 9.344754e-06 0.039357644 0.20420644 0.17692716 0.09425988 0.7622455 0.69230795 0.66435593 9.0 9.0 20.0 0.8393578520223636 True 0.4769833669669865 
12.16219941795654 -24.85095730746257 19.810684 20.747726 19.065016 11.90492 5.02238 23.658834 1.4659721 3.4749026 6.9057283 0.9439653 0.9619002 0.9785065 1599.2361 889.6386 227.76396 0.0 0.0 0.0 0.0006636664 0.0010678961 0.003721623 0.0076502897 0.0074341586 0.0038821537 0.86666805 0.8125678 0.90509945 13.0 13.0 19.0 0.8533753053907065 True 0.4474865701016521 
12.36966338242319 -25.79817106266511 19.81089 20.868282 19.15372 11.902655 4.4945617 21.802786 1.9229195 5.0923424 9.327941 0.958431 0.9718049 0.98412967 2746.5837 1028.0667 272.35336 0.0 0.0 0.0 0.0019526923 0.0017664138 0.0005581971 0.03407948 0.029507408 0.0047410484 0.8744135 0.82485306 0.9484669 17.0 14.0 19.0 0.5403907227572291 True 0.9904588956618248 
12.13077880156103 -24.83356157870475 19.811945 21.283722 18.988276 11.891108 3.0655687 25.39157 0.9444152 3.6633146 7.822426 0.94425696 0.9621003 0.9786204 1408.4124 725.57886 225.12756 0.0 0.0 0.0 0.0031826086 0.003014167 0.045126054 0.013967084 0.012770283 0.0039844518 0.9253681 0.9301343 0.86836064 14.0 14.0 26.0 0.836033015105135 True 0.4760372313008786 
11.94747830024432 -24.77534758052177 19.812372 20.868195 19.1586 11.886415 4.494924 21.705032 1.2212372 3.2294497 5.8970947 0.94435036 0.9621644 0.9786568 1262.7518 615.86365 188.73721 0.0 0.0 0.0 0.022656873 0.07814454 0.008279933 0.016462121 0.016866298 0.009817925 0.9166667 0.9999999 0.9999997 11.0 11.0 20.0 0.7403576484904826 True 0.6460339883074058 
12.78587780511428 -24.46566066489392 19.81243 21.554989 18.89627 11.885791 2.3878357 27.637035 0.57478005 2.861049 6.652558 0.9469183 0.96392614 0.9796587 427.4007 234.6933 96.39902 0.0 0.0 0.0 0.11276604 0.04174718 0.041678406 0.5550463 0.26844049 0.28296995 0.7861014 0.76212496 0.8952426 7.0 6.0 17.0 0.7939561946306 True 0.3943592669694334 
12.20589489241077 -25.26980669798848 19.813866 20.174162 19.653292 11.870088 8.517949 13.762062 4.1609645 5.7984633 6.7226806 0.94672704 0.96379495 0.97958416 1450.5468 972.1886 537.95245 0.0 0.0 0.0 0.007138185 0.026521178 0.022026122 5.2233034e-05 0.00036181745 0.00029850542 0.9230769 0.9230768 0.9285716 12.0 12.0 26.0 0.7389475234939048 True 0.5902738230690846 
12.31410459466011 -24.93886329928635 19.814594 21.196665 18.980804 11.862117 3.321499 25.566917 1.1942676 4.265105 9.192759 0.9476454 0.96442467 0.9799421 1578.8573 691.7123 186.6185 0.0 0.0 0.0 0.00397731 0.006213494 0.0034933016 0.006331652 0.0025958794 0.00076081563 0.85712534 0.8951259 0.99501437 12.0 10.0 15.0 0.9115252385286318 True 0.3242412612808557 
12.3366891742574 -24.94602748982992 19.815802 21.53564 18.916855 11.848927 2.4307709 27.118042 0.9469299 4.615862 10.564091 0.9499055 0.96597344 0.9808221 1789.0055 662.2318 204.67683 0.0 0.0 256.0 0.06020232 0.0024447544 0.0061270003 0.021363523 0.009030041 0.0040595112 0.9290303 0.90078104 0.93657774 13.0 9.0 15.0 0.9234297092101008 True 0.3071101706799679 
12.33384722059321 -25.74137171785188 19.818544 21.549818 18.84137 11.819049 2.3992336 29.07046 0.86278725 4.2502427 10.454014 0.9550567 0.96949893 0.9828228 1517.1526 778.7445 171.66791 0.0 0.0 0.0 0.034503657 0.005413556 0.0046450943 0.034535438 0.01159439 0.0017944205 0.71167177 0.86434376 0.8889177 14.0 14.0 16.0 0.541947004019433 True 0.9451347251648078 
12.29746232922249 -24.56208037505975 19.818928 21.343817 18.993156 11.814862 2.900502 25.277712 0.9008045 3.669324 7.850461 0.9543868 0.96904075 0.98256296 1220.309 575.0986 159.88956 0.0 0.0 0.0 0.0043076966 0.003319425 0.08455633 0.036650013 0.013539352 0.005211142 0.91639566 0.90959114 0.91478366 11.0 10.0 17.0 0.8545116470536072 True 0.4290196227499571 
11.93237651770195 -24.76298402168159 19.819036 21.191177 19.050688 11.813694 3.3383265 23.973118 1.5430598 5.4605913 11.080989 0.9449849 0.9625999 0.97890455 1145.373 614.69165 258.63693 0.0 0.0 0.0 0.0022489314 0.0020138265 0.024099136 0.006748908 0.0018665369 0.00044372812 1.0000001 1.0000001 0.94918704 8.0 8.0 18.0 0.7403576484904826 True 0.6610971351627444 
11.79201029640577 -25.14849334201296 19.81923 20.901985 19.01952 11.811598 4.357185 24.671293 0.986369 2.6738813 5.585028 0.9460416 0.96332484 0.9793169 739.33435 418.1632 26.871717 0.0 0.0 0.0 0.01630259 0.005498182 0.0026973912 0.12479774 0.053046048 0.035185736 0.9041754 0.7527927 0.6666667 10.0 9.0 6.0 0.5354328711509226 True 0.839487239349669 
12.08937188052122 -25.58026724128412 19.819319 21.010153 19.116842 11.810607 3.944021 22.556065 1.928219 5.774167 11.027586 0.9516549 0.96717143 0.9815023 2050.4429 690.7012 195.82312 0.0 0.0 0.0 0.0036287296 0.0025789193 0.002914458 0.022412283 0.015436439 0.0040778355 0.94500446 0.7868882 0.9986906 13.0 7.0 9.0 0.5007649537969653 True 0.8977994428000287 
12.09125264162008 -25.6032097171922 19.82143 21.58678 18.8985 11.78767 2.3189304 27.580366 0.9734412 4.948231 11.577693 0.95215815 0.96751595 0.9816978 2147.943 617.9359 135.81506 0.0 0.0 0.0 0.01407898 0.023161964 0.00054604403 0.19852003 0.0758134 0.02839636 0.99810374 0.9335392 0.9070821 15.0 9.0 8.0 0.5007649537969653 True 0.9157689374777428 
12.30172832383635 -25.69936486183951 19.824055 21.583818 18.926558 11.759213 2.325264 26.876759 0.8882569 4.49205 10.266993 0.95192397 0.9673556 0.98160684 2507.9636 873.53424 331.7024 0.0 0.0 0.0 0.0010022474 0.0021616684 0.094073124 0.07052668 0.052590568 0.031356618 0.99844795 0.937056 0.9259881 17.0 14.0 25.0 0.541947004019433 True 0.914940906992598 
12.25058949260218 -24.92245532290597 19.824621 20.5524 19.349787 11.753085 6.012285 18.200567 2.1039119 4.112821 6.369024 0.94336414 0.9614875 0.97827166 1171.2302 772.1222 231.06406 0.0 0.0 0.0 0.026691495 0.019598207 0.031141503 0.00044136678 9.1612514e-05 1.778777e-05 0.83642036 0.99937856 0.92990047 10.0 10.0 14.0 0.8800122345133734 True 0.3757595692652842 
12.32162090099177 -24.71763472141682 19.824667 20.58928 19.248417 11.752587 5.8115005 19.981745 2.033506 4.112355 6.991825 0.9487636 0.96519107 0.9803776 1662.8127 857.7153 270.69058 0.0 0.0 0.0 0.0033458066 0.044210486 0.0061468435 0.00033228676 0.0003009123 7.618112e-05 0.9999999 0.9999999 0.9523809 13.0 12.0 20.0 0.881200396667615 True 0.3274551948189735 
11.91045286900239 -24.69768010109412 19.825813 20.361673 19.525667 11.74017 7.166891 15.478653 3.1104536 5.095271 6.7177844 0.9481916 0.964799 0.9801549 1544.6744 983.6836 299.02234 0.0 0.0 0.0 0.013228367 0.0014971752 0.0016127024 0.028997617 0.027561417 0.01834637 0.9999999 0.9166675 1.0000002 11.0 11.0 20.0 0.7182691384479073 True 0.6918108502309012 
12.29641236303235 -25.50825157476026 19.827505 20.834513 19.043646 11.721899 4.636549 24.129126 1.3916336 3.518261 7.242219 0.94611347 0.96337414 0.9793449 1737.3647 1051.1162 342.00128 0.0 0.0 0.0 0.057072762 0.002007821 0.0030900056 0.0028262322 0.002340796 0.00048083143 0.9390712 0.905306 0.96666425 17.0 16.0 29.0 0.6731987403176861 True 0.7410909175837348 
12.16646272267272 -25.07615879748256 19.827578 20.625586 19.267244 11.721107 5.6203794 19.638239 2.170991 4.527527 7.5856876 0.9431517 0.9613416 0.97818863 1264.0139 521.36237 127.35525 0.0 0.0 0.0 0.18158175 0.29729226 0.0030074401 0.00877025 0.004054294 0.0016311503 1.0 1.0 0.88888884 12.0 8.0 8.0 0.7575173719739043 True 0.500978189735158 
12.06771377784837 -25.35121394356705 19.828411 21.042706 18.976345 11.712111 3.827526 25.672152 0.8660327 2.6500335 5.808693 0.94588494 0.9632174 0.9792558 624.6389 435.64346 85.45454 0.0 0.0 0.0 0.06406703 0.022070369 0.014986527 0.48632798 0.19646542 0.2567818 0.81566083 0.8199666 0.9252018 13.0 14.0 19.0 0.5900511747764036 True 0.7358984161094534 
12.57056633639477 -24.5886110692694 19.828623 21.296808 18.939178 11.70983 3.0288439 26.56616 0.8877762 3.4322364 7.786735 0.9541333 0.96886736 0.9824646 948.56134 471.5915 99.83883 0.0 0.0 0.0 0.030472776 0.029329114 0.0876615 0.007931972 0.0021835326 0.0039385785 0.90699136 0.89923143 0.67565405 10.0 9.0 14.0 0.9662416333432152 True 0.2645111770567727 
11.93568049555021 -24.64733598239209 19.829086 20.320026 19.569515 11.70483 7.4471445 14.866002 0.67609 1.0626246 1.3496121 0.9517413 0.96723056 0.98153585 353.6014 210.05817 49.070736 0.0 0.0 0.0 0.066340946 0.022312274 0.014915595 0.08732407 0.06452165 0.03742988 0.83359784 0.8333438 0.85939884 10.0 10.0 18.0 0.7589695440099259 True 0.6822660881822977 
12.37020983264243 -24.62745123578762 19.829699 20.5975 19.240463 11.698251 5.7676625 20.128668 3.0370748 6.159941 10.599142 0.95245135 0.9677166 0.9818117 1974.2681 955.86914 409.18207 0.0 0.0 0.0 0.059666984 0.13580456 0.0020978118 0.0015282248 0.0009539612 0.00040512515 0.9166889 0.8333587 0.952381 11.0 10.0 20.0 0.87704793558225 True 0.3361909640961779 
12.18272084566101 -24.49366539327179 19.831446 20.759266 19.209291 11.679438 4.969286 20.714945 1.553281 3.650715 6.475001 0.95393604 0.9687325 0.9823881 1295.8604 760.3375 221.75418 0.0 0.0 0.0 0.08863611 0.017526614 0.002357615 0.075953536 0.0028795216 0.0024404852 0.92307705 0.9166873 0.85757554 12.0 11.0 18.0 0.7991343565675912 True 0.5531765542451328 
12.12966886013323 -24.93233435296182 19.835407 20.936672 19.170898 11.636899 4.220178 21.460556 1.1955022 3.2965286 6.0793977 0.93908507 0.9585475 0.9765973 1158.0197 547.07697 171.18042 0.0 0.0 0.0 0.01546013 0.021022944 0.044775583 0.055453293 0.028194359 0.011745194 0.7720298 0.8974523 0.8846297 11.0 9.0 13.0 0.8170213036458572 True 0.485141891194903 
12.17198977529024 -25.53029773514926 19.839283 21.017162 19.112585 11.595422 3.9186347 22.644688 1.8171347 5.376986 10.500711 0.9498999 0.9659696 0.9808199 1875.9916 1096.5011 482.0606 0.0 0.0 0.0 0.00062185904 0.0005956506 0.0006790585 0.0037015977 0.0049062953 0.0021061245 0.7358289 0.8213029 0.90753984 13.0 14.0 28.0 0.5735384018523147 True 0.8150870696619643 
12.68665901369578 -24.47921999904193 19.839708 21.706257 18.68303 11.590883 2.0772913 33.634766 0.69076264 3.8543222 11.184586 0.9528466 0.96798706 0.9819652 1129.5593 487.61133 169.29411 0.0 0.0 0.0 0.015230243 0.015092373 0.01638527 -0.00043184604 0.008273537 0.013154563 0.9980031 0.99804574 0.997776 9.0 8.0 18.0 0.8494229007363453 True 0.3635731726475283 
12.26323914624714 -24.43066273331314 19.840233 21.035185 19.03005 11.585293 3.854129 24.43316 1.1865425 3.5666792 7.5220585 0.954664 0.96923035 0.9826705 1206.7922 607.44037 202.68181 0.0 0.0 0.0 0.031990387 0.06664657 0.0040675737 0.015434006 0.018894304 0.013515586 0.828334 0.7692309 0.95454544 11.0 10.0 21.0 0.8410280681259256 True 0.5443399293305836 
12.23416582249465 -24.59148179583779 19.840506 21.455303 18.937162 11.582369 2.6174498 26.615517 1.073005 4.7481093 10.910842 0.95276076 0.96792835 0.98193187 1150.4318 659.56476 415.19458 0.0 0.0 2048.0 0.07314832 0.000609321 0.0031080367 0.0065739215 0.0073784227 0.00091169187 0.64832515 0.6687346 0.95820796 9.0 9.0 30.0 0.8012162241644442 True 0.4573769309675651 
12.33451760739432 -25.06350678279752 19.840647 21.310879 19.058357 11.580873 2.9898424 23.804379 1.2548984 4.860731 9.991188 0.95263815 0.9678444 0.98188424 1676.656 580.83435 119.279 0.0 0.0 0.0 0.004642837 0.087255046 0.082462825 0.0089913355 0.0028367508 0.0033148653 0.8615968 0.88911474 0.88917214 11.0 8.0 9.0 0.8665264421931489 True 0.3655380821736634 
12.40370457162914 -24.68018913416493 19.840963 20.608528 19.362896 11.577503 5.7093797 17.982159 2.1454017 4.3504543 6.757118 0.95335543 0.9683353 0.9821627 1172.1039 649.67706 266.97186 0.0 0.0 0.0 0.0031875141 0.04286122 0.02896954 0.0006790275 0.00018531451 6.423989e-05 0.7500146 0.8182413 0.9504332 9.0 9.0 19.0 0.9059794698775556 True 0.2798490410809775 
12.02738917250362 -24.8138934235519 19.842567 20.279636 19.521006 11.560406 7.729399 15.545255 0.8802329 1.3165123 1.7703116 0.9420024 0.96055233 0.97773933 456.95062 233.2049 60.83356 0.0 0.0 0.0 0.0065470296 0.05363477 0.010967581 0.057949968 0.038204197 0.02358519 0.99963844 0.99964875 0.9997209 10.0 10.0 17.0 0.7827478098657097 True 0.5705644424940203 
12.13191030151971 -24.5704053284734 19.844772 20.857058 19.262806 11.536954 4.5412636 19.718678 0.7362202 1.8703471 3.196751 0.9509548 0.9666921 0.98123014 558.0012 327.43155 43.634953 0.0 0.0 16.0 0.021596225 0.013212788 0.3540877 0.007549984 0.006209716 0.0029181037 0.9 1.0 0.99999994 9.0 9.0 19.0 0.7737360489286083 True 0.5478206124787828 
11.7399662708709 -24.91147379434706 19.844795 21.66676 18.905111 11.536705 2.1542492 27.412933 0.8398892 4.49788 10.687634 0.91018546 0.9385756 0.9651628 1827.4891 911.8692 228.37732 0.0 0.0 0.0 0.0058010155 0.028492263 0.030222287 0.006162565 0.0039850296 0.0016820289 1.0 1.0 0.9999999 12.0 12.0 20.0 0.6050454065366375 True 0.8330493886827471 
11.85473749990521 -25.0724091420915 19.845436 20.17776 19.531452 11.529896 8.489778 15.396395 1.6336322 2.2186222 2.9626272 0.9458091 0.96316534 0.9792262 506.1595 220.34447 12.543408 0.0 0.0 65536.0 0.07317299 0.0017124091 0.002739577 0.14264646 0.08111556 0.27897075 0.79921514 0.9840453 0.78775084 13.0 7.0 4.0 0.596411393845381 True 0.7609060024177217 
11.81293179175953 -25.12956621338931 19.845627 20.530544 19.17071 11.527866 6.1345477 21.464268 0.37823182 0.7107624 1.3234015 0.9460465 0.9633282 0.9793188 106.08101 53.382145 3.574836 0.0 0.0 0.0 0.04164472 0.1565062 0.012365085 1.5367894 2.1352758 1.2216582 0.70419747 0.66406476 0.6552463 12.0 12.0 7.0 0.5591868226367787 True 0.8151222167457073 
12.2818434187537 -25.4237457715777 19.845692 20.630737 19.374964 11.527193 5.5937715 17.783373 1.3352075 2.7514877 4.244809 0.945876 0.96321124 0.9792523 1086.9899 679.45306 275.98923 0.0 0.0 0.0 0.001526645 0.001396874 0.034702692 0.0501774 0.02544663 0.012220128 0.8124999 0.812501 0.96551615 13.0 13.0 28.0 0.7142051901096422 True 0.6727151005834027 
12.39816743622957 -24.71654817049133 19.845915 21.025114 19.092163 11.524809 3.8900423 23.074635 1.3468949 3.9903696 7.9894004 0.953381 0.96835274 0.98217267 1319.216 703.75305 250.6404 0.0 0.0 0.0 0.0022276451 0.038212117 0.003911176 0.0018978035 0.0011323489 0.0005491214 0.83673984 0.9999033 0.99990124 10.0 10.0 19.0 0.908439700083384 True 0.2649311278775442 
12.72869998088386 -24.44488680385092 19.84921 21.104748 19.106855 11.489879 3.6149359 22.76449 0.8996274 2.859417 5.665262 0.95090187 0.96665585 0.9812096 857.2703 433.1748 166.30353 0.0 0.0 0.0 0.0017058091 0.001522482 0.003371892 0.0044652014 0.00032321722 0.0013278362 0.8888786 0.87478995 0.9402268 8.0 7.0 18.0 0.7913886981369105 True 0.4023761008557398 
12.47060898919705 -24.71808747207741 19.849731 20.515524 19.39521 11.484385 6.220003 17.454836 1.9297051 3.5629365 5.4152203 0.9547194 0.96926826 0.98269194 1283.9258 695.71545 99.41093 0.0 0.0 0.0 0.0029762913 0.0029452445 0.0022581299 0.009281074 0.0091756 0.010677693 0.99999243 0.9166593 0.56777173 12.0 11.0 11.0 0.9484573106142056 True 0.2083293357156012 
12.57175619067794 -24.65196963958279 19.851063 21.008726 19.168036 11.470297 3.9492042 21.517218 2.231946 6.482593 12.160746 0.9561919 0.97027504 0.9832628 2413.9443 1123.6359 410.41797 0.0 0.0 0.0 0.00016522089 1.1037679e-05 6.273871e-05 0.18935227 0.18538971 0.10418689 1.0 1.0 1.0 12.0 11.0 18.0 0.9890869653177536 True 0.2043101504046822 
11.63245483788362 -24.84543704665904 19.851204 20.613268 19.40323 11.468806 5.684506 17.32637 1.6110566 3.2503963 4.910499 0.9269833 0.95020896 0.97183615 872.7282 430.45807 119.5631 0.0 0.0 0.0 0.038670722 0.14298365 0.042005174 0.080597736 0.062001243 0.06321903 0.90584713 0.8984769 0.9088667 12.0 12.0 18.0 0.5379079069798478 True 0.9281315785843722 
12.26222495458031 -24.42390296098589 19.852716 21.519407 18.81365 11.452841 2.4673867 29.822216 0.66652226 3.0937889 8.055961 0.9547592 0.9692955 0.9827074 884.2484 466.70316 128.97714 0.0 0.0 0.0 0.028608505 0.029091364 0.024086488 0.05369316 0.011139981 0.005488557 0.7622892 0.8437092 0.95408154 11.0 11.0 21.0 0.8410280681259256 True 0.5500744883427585 
12.28314295142295 -25.64996965899094 19.856083 20.588793 19.371685 11.417386 5.814102 17.837162 1.2867886 2.5269184 3.947756 0.9532306 0.96824986 0.9821143 1665.6161 741.55365 142.40985 0.0 0.0 0.0 0.0020954013 0.0018938149 0.03321826 0.00067061203 0.00040688945 0.00028751293 0.982414 0.99380153 0.9410019 17.0 15.0 16.0 0.5918068152912082 True 0.8751385450057724 
11.83491412522252 -25.11358611992749 19.856226 20.310867 19.494902 11.415881 7.510226 15.923526 2.7126663 4.123375 5.7515197 0.9460474 0.96332884 0.97931916 1142.834 597.4125 49.650307 0.0 0.0 2048.0 0.07778925 0.18611088 0.0020878832 0.044103377 0.011609473 0.0032656768 0.91654307 0.99954313 0.9999112 11.0 8.0 5.0 0.5591868226367787 True 0.7909899540916903 
12.63624332086502 -24.56821312691292 19.856398 20.973902 19.15524 11.414077 4.0779266 21.772293 1.8660253 5.2229867 9.96282 0.9507712 0.9665663 0.98115873 1615.542 794.03625 128.56023 0.0 0.0 0.0 0.002989899 0.0024407103 0.0038115229 0.018314237 0.014842532 0.013855556 0.9989422 0.99903524 0.9983663 9.0 8.0 9.0 0.9393990411625504 True 0.2739994915615264 
12.36973924161909 -25.74669984345561 19.856934 21.19667 18.955736 11.408453 3.3214822 26.164095 0.9611336 3.3012514 7.571075 0.9578639 0.9714176 0.98391026 2126.7927 843.8142 157.64297 0.0 0.0 0.0 0.0036090405 0.0003842512 0.0007465901 0.031607885 0.029517082 0.008119768 0.9935682 0.9282378 0.99895614 18.0 16.0 18.0 0.5942797165381717 True 0.9408589138458576 
12.50684746724894 -24.54923853581765 19.857407 21.386742 18.86478 11.403474 2.7880664 28.450346 0.68636847 2.8073163 7.0039287 0.9549375 0.9694174 0.9827765 880.2823 487.7056 236.74236 0.0 0.0 0.0 0.0039841235 0.026394708 0.0055318917 0.016005788 0.0055028903 0.0022772541 0.7731871 0.83123064 0.90096086 10.0 10.0 27.0 0.9576289365580346 True 0.3220784952845444 
12.07640668556084 -25.42863742251941 19.85896 20.73597 19.404524 11.387179 5.0770583 17.30574 2.424559 5.4379697 8.26439 0.945768 0.96313715 0.97921014 1989.044 711.61426 206.89253 0.0 0.0 0.0 0.0216053 0.22183953 0.003631629 0.09757932 0.12411669 0.10034244 0.993733 0.898355 0.9983802 14.0 9.0 9.0 0.5582001001163613 True 0.7860098778943178 
11.95762148127319 -25.00742669696146 19.85939 21.543917 18.648954 11.382657 2.4123116 34.707096 0.6305973 2.9755166 9.072709 0.9439701 0.9619034 0.97850835 780.48944 260.06055 95.16984 0.0 0.0 65536.0 0.2662494 0.35156158 0.13081509 0.12508787 0.03142208 0.01798565 0.7374609 0.80613256 0.7570857 13.0 8.0 13.0 0.6815903936914203 True 0.6535907188176866 
12.20298926970448 -25.25064246963269 19.860022 21.669945 18.948408 11.376048 2.1479397 26.34128 0.84601337 4.4807076 10.375093 0.94655895 0.9636797 0.97951865 1172.5405 683.0988 362.8862 0.0 0.0 0.0 0.13546386 0.19062594 0.052660298 -0.011665966 0.0024295389 0.0042926897 0.8436518 0.8666889 0.9397119 11.0 11.0 28.0 0.7389475234939048 True 0.5784251580272736 
12.21881412231705 -25.25339703371205 19.861713 21.674814 18.898457 11.35834 2.1383276 27.581444 0.91638047 4.8676176 11.82003 0.9468267 0.96386325 0.979623 1850.5641 945.98553 413.10486 0.0 0.0 0.0 0.010948559 0.031076055 0.021605061 0.00081792474 0.0003602984 0.00017682688 0.9986809 0.99800926 0.9979721 13.0 13.0 29.0 0.7389475234939048 True 0.5703727615962672 
11.98372277713438 -25.3664618990442 19.86393 20.435608 19.344213 11.335168 6.6950984 18.29424 1.9641225 3.325367 5.366931 0.9458952 0.9632244 0.9792598 651.7242 398.97226 43.987896 0.0 0.0 0.0 0.1801071 0.20632972 0.17678326 0.037212957 0.042524505 0.04758642 0.8592008 0.8499592 0.86437905 10.0 9.0 9.0 0.5520413619421632 True 0.8022390891365248 
11.98956410915699 -24.85092373989116 19.86485 21.383062 18.972067 11.325578 2.797532 25.773506 0.8455936 3.4233158 7.7904058 0.94135165 0.9601053 0.97748476 1187.6326 540.16833 150.64595 0.0 0.0 0.0 0.0072534145 0.061287098 0.008245545 0.02206591 0.01573836 0.007057596 0.9232042 0.92466205 0.9472363 12.0 12.0 19.0 0.7394174540739109 True 0.60411119233107 
12.74993550035233 -24.43268375676125 19.866531 20.612892 19.346416 11.308048 5.686471 18.257177 2.7822485 5.532746 8.932781 0.9489503 0.965319 0.9804503 1457.8279 777.01105 357.84848 0.0 0.0 0.0 0.001224456 0.0013037937 0.0067233914 0.020287469 0.009308031 0.0015890384 0.9994724 0.9998129 0.99957895 8.0 7.0 18.0 0.7913886981369105 True 0.4179712837271926 
12.47850584473357 -24.38667398760795 19.867325 21.303453 19.03262 11.299776 3.0103607 24.375412 0.9604407 3.6051373 7.7768545 0.95414907 0.96887815 0.98247075 1190.1018 561.5787 218.46466 0.0 0.0 0.0 0.007760336 0.00069923396 0.039706394 0.0012357682 0.00028037623 0.00034863755 1.0 0.9999994 0.89453983 9.0 8.0 18.0 0.9152566266846898 True 0.4826280450505728 
11.76080119466497 -24.79894351745128 19.868093 21.14871 19.014036 11.291787 3.4714923 24.79623 1.5770789 5.1297936 11.264785 0.92928845 0.9518 0.972746 2049.4102 1087.6665 286.29376 0.0 0.0 0.0 0.012142424 0.0010886813 0.027680222 0.006320233 0.0057867016 0.00258491 0.99950653 0.9233507 0.9999955 13.0 12.0 21.0 0.6068653011369443 True 0.813084653891808 
12.82435471336925 -24.49890089981372 19.873848 20.39959 19.58097 11.232098 6.9209213 14.709972 2.8462582 4.6192474 6.049538 0.94635105 0.9635371 0.97943753 1431.6718 853.8762 315.08054 0.0 0.0 0.0 0.0017149213 0.0018141273 0.003890729 0.081862986 0.08570338 0.16541281 0.99643815 0.9999982 1.0 10.0 9.0 20.0 0.7970562495538236 True 0.3757255059970494 
12.83332456143588 -24.48642024662872 19.874071 20.430067 19.526182 11.229793 6.729354 15.471305 3.2225509 5.3777194 7.4088936 0.94500756 0.96261543 0.9789134 1557.2687 904.49524 365.23718 0.0 0.0 0.0 0.0011786169 0.0012331946 0.00284455 0.0005831563 0.0008332686 0.009377513 0.99999994 1.0000001 1.0000001 9.0 8.0 19.0 0.7970562495538236 True 0.3904680224198893 
11.91517705556512 -24.84135562775954 19.876205 20.876633 19.210295 11.20774 4.460124 20.695787 1.5350701 3.857441 7.123004 0.9383949 0.95807284 0.9763268 1543.9912 923.57214 230.17853 0.0 0.0 0.0 0.0016005987 0.015353593 0.0014624932 0.03336464 0.014904795 0.0066415723 0.84719044 0.9230575 0.95030224 11.0 12.0 19.0 0.6905232731855507 True 0.6715914061173549 
11.63990585337662 -24.9092300759523 19.87747 21.307892 18.7876 11.194682 2.998079 30.546423 0.5506044 2.0559301 5.6099234 0.9212006 0.946212 0.9695474 482.2606 255.29932 64.544334 0.0 0.0 0.0 0.021134514 0.04980551 0.020513706 0.11539312 0.032378815 0.024508905 0.8275809 0.7561868 0.94969666 10.0 10.0 19.0 0.50981779223111 True 0.9233620972604332 
12.36650321333445 -25.00421911064109 19.878561 20.417177 19.519794 11.183446 6.809721 15.562592 3.1863937 5.23294 7.2820234 0.9545746 0.96916926 0.9826358 2064.8396 1004.8679 280.6317 0.0 0.0 0.0 0.085170135 0.11043333 0.015575431 0.10923048 0.041901752 0.013958798 0.9333332 0.99999994 0.9230769 14.0 10.0 12.0 0.9381121334861804 True 0.3080564322138421 
11.7966050682568 -24.99775786786349 19.87892 20.760344 19.38039 11.179758 4.9643526 17.694744 1.7544241 3.950976 6.2534003 0.93198395 0.9536589 0.9738082 1713.1735 910.707 220.71182 0.0 0.0 0.0 0.0014941791 0.08009353 0.0012625265 0.032010768 0.027237477 0.018555878 0.9333328 0.9331665 0.9999841 14.0 14.0 19.0 0.581036033701269 True 0.7937046263564889 
12.26906111675208 -25.04036858261832 19.88154 20.403791 19.545748 11.152796 6.8941965 15.194999 1.9736377 3.1927693 4.3499517 0.9453758 0.9628681 0.97905713 1015.3323 343.45163 112.87749 0.0 0.0 0.0 0.10492173 0.29782912 0.08144205 -0.010153188 0.010999993 0.055775348 0.99486184 0.8756641 0.69233227 12.0 7.0 9.0 0.8562175491259778 True 0.4023701235327829 
12.25840235416017 -25.45577491228278 19.885962 20.596815 19.460602 11.107482 5.7713 16.434618 1.7101374 3.2913418 4.8698654 0.944935 0.96256566 0.9788851 1229.0964 755.64233 334.2488 0.0 0.0 0.0 0.0029578102 0.013215857 0.05679481 0.018703006 0.01037111 0.004600446 0.80350024 0.80000144 0.99999994 12.0 12.0 29.0 0.6636887270459448 True 0.7109976727993053 
11.74583535331107 -24.69066732022275 19.886354 20.869106 19.226421 11.103451 4.491152 20.39067 1.2965398 3.2054284 5.8865333 0.9394915 0.9588269 0.9767566 1282.3398 757.0213 174.02301 0.0 0.0 0.0 0.012125395 0.018700182 0.0025236935 0.023323022 0.013894165 0.0059255827 0.85697114 0.89017195 0.9517416 12.0 12.0 20.0 0.6101621553368779 True 0.8399508093479792 
12.14988624471785 -24.90413965780866 19.888634 20.58752 19.313007 11.08017 5.8209233 18.827698 2.1947327 4.1776896 7.0988336 0.94138885 0.9601308 0.9774993 1811.5739 751.77515 97.78167 0.0 0.0 0.0 0.038950346 0.040765382 0.00311254 0.0017255078 0.0016758409 0.000949751 0.9730041 0.7998728 0.74896836 14.0 8.0 9.0 0.8170213036458572 True 0.4626035365243945 
12.29521503631167 -25.12987135983794 19.88967 21.486088 19.05271 11.069608 2.5442808 23.928549 1.1970066 5.2079134 11.257653 0.9492096 0.96549666 0.98055124 2098.3926 1041.4373 293.00528 0.0 0.0 0.0 0.0011726505 0.0010500902 0.0013122901 0.043001123 0.011868191 0.008425154 0.9333323 0.82742435 0.69086677 14.0 13.0 20.0 0.8305231681755183 True 0.4350925924215702 
12.48395808232156 -24.53377069198834 19.889952 20.36957 19.575062 11.066731 7.114959 14.790237 2.4243243 3.7708364 5.03957 0.9549652 0.96943635 0.98278725 1306.097 841.41614 378.66928 0.0 0.0 0.0 0.058375 0.038956895 0.020308781 0.010195421 0.014761322 0.007922604 0.99982667 0.92287725 0.9995766 13.0 12.0 29.0 0.946504421262918 True 0.3450803895734398 
12.05193355090675 -25.55368007553516 19.890244 20.920988 19.245983 11.063759 4.281587 20.026573 1.2657912 3.270845 5.920575 0.94945633 0.9656657 0.98064727 1218.237 450.63162 51.78978 0.0 0.0 0.0 0.0051191566 0.003636909 0.01909923 0.024239877 0.008261129 0.002941666 0.84422076 0.77768284 0.997981 11.0 7.0 7.0 0.5021664496535329 True 0.8962250938338088 
12.19626132068503 -24.92442411650392 19.89275 21.385952 19.057365 11.038247 2.7900977 23.826145 1.0182065 4.028251 8.695012 0.9424872 0.9608853 0.9779289 1472.9728 582.8775 187.00636 0.0 0.0 0.0 0.0053125704 0.0046870424 0.00402885 0.01090607 0.0034301775 0.0012781635 0.99913865 0.9999921 0.99998987 12.0 9.0 13.0 0.8700074347793898 True 0.4243817880250384 
12.31185804015494 -25.10864086499317 19.892773 21.30092 19.082952 11.038012 3.0173945 23.271193 1.1159056 4.0821247 8.606252 0.9504985 0.9663796 0.9810527 1702.1876 640.386 167.96391 0.0 0.0 0.0 2.5337957e-05 1.9088648e-05 2.1374019e-05 0.03161718 0.022821112 0.019040221 0.9759798 0.9106332 0.9237571 15.0 10.0 12.0 0.8665264421931489 True 0.4098253613456983 
12.10240179701909 -25.30373104441837 19.893446 20.203436 19.185926 11.031179 8.291359 21.16554 1.1131911 1.4810371 2.8416681 0.94599396 0.9632922 0.9792983 267.31076 153.82507 33.97714 0.0 0.0 0.0 0.17742465 0.31581244 0.17921321 0.67495966 1.0855367 1.3469654 0.8249428 0.7704701 0.78229624 13.0 13.0 16.0 0.6232477262266884 True 0.6806629964967097 
12.29566046107231 -25.57451577408398 19.896376 20.958004 19.097054 11.001449 4.138072 22.970926 2.1666481 5.760235 12.027319 0.95329326 0.9682927 0.9821386 2558.3997 1484.6273 450.3831 0.0 0.0 0.0 0.0006464288 0.012962909 0.03749024 0.0030287676 0.0019329386 0.0010157793 0.93844676 0.9413664 0.7525553 16.0 16.0 21.0 0.6324116210813118 True 0.8014185573247978 
12.38884750339164 -25.83712460404254 19.896502 21.110487 19.0384 11.000169 3.5958824 24.245983 0.97968763 2.996964 6.605747 0.9570908 0.9708894 0.9836109 2089.8398 814.46765 189.69719 0.0 0.0 0.0 0.037770763 0.0016028538 0.0039071883 0.036048096 0.0336997 0.010425918 0.8338375 0.7824428 0.89498144 15.0 14.0 17.0 0.5382176848090428 True 1.0239254008572012 
11.83035964383042 -24.78512680843722 19.896883 21.724821 18.633625 10.996298 2.0420732 35.20062 0.70500165 3.796342 12.152597 0.9370587 0.9571537 0.9758028 1420.9865 729.8959 166.66422 0.0 0.0 0.0 0.004620675 0.006411608 0.013367528 0.0489996 0.032417383 0.012707002 0.9120029 0.923923 0.95235157 12.0 12.0 20.0 0.6535728664624298 True 0.7510320021717548 
12.08586795923276 -24.96893618685288 19.897322 20.570528 19.419102 10.99186 5.9127436 17.074936 0.9104875 1.692607 2.6293235 0.93667734 0.9568913 0.9756531 848.4328 340.34595 93.69496 0.0 0.0 0.0 0.012289643 0.010311444 0.008024283 0.06442162 0.032252107 0.029989153 0.99999005 0.9999945 0.999998 15.0 10.0 17.0 0.7722436217053475 True 0.5316185905444152 
12.6185966302906 -24.65298422631446 19.897528 20.451044 19.561901 10.989769 6.600581 14.970613 3.4327753 5.7154675 7.7857914 0.9537381 0.96859705 0.98231125 1844.2671 1193.4432 404.263 0.0 0.0 0.0 0.03620025 0.03867311 0.015374102 0.0022274961 0.0037925078 0.0020920115 0.92931384 0.99299574 0.99998057 12.0 12.0 19.0 0.9709099942401608 True 0.1916000538834414 
12.30084533231902 -24.68088586169896 19.897566 21.63643 18.782562 10.989385 2.2152767 30.688442 0.46693158 2.3163204 6.468448 0.94858634 0.9650696 0.9803086 532.4125 267.84207 135.48616 0.0 0.0 0.0 0.014777439 0.014443624 0.03582593 0.4787421 0.24886324 0.14663835 0.63227683 0.7262331 0.85185 10.0 10.0 28.0 0.8596357795529257 True 0.3599297263819542 
12.15565855115657 -24.72496855008688 19.900389 21.128315 19.018457 10.960863 3.537318 24.69545 1.2689253 3.9319384 8.858882 0.9502742 0.966226 0.9809655 1342.5065 679.272 213.17792 0.0 0.0 0.0 0.018108778 0.04084742 0.010563849 0.015368103 0.02499987 0.017121002 0.8312922 0.86625165 0.67870367 11.0 11.0 20.0 0.8393578520223636 True 0.4685511997801394 
12.65876488374752 -24.61541897295218 19.90155 20.53146 19.492205 10.949128 6.1293683 15.963132 1.9571854 3.496196 5.0972314 0.9509296 0.9666748 0.9812203 1126.6847 578.8492 226.53471 0.0 0.0 0.0 0.00299021 0.003035055 0.0027268692 0.022504859 0.016814897 0.008292379 0.7568125 0.72736126 0.90594625 9.0 8.0 17.0 0.9393990411625504 True 0.226270866531422 
12.1938541098603 -24.77641415069296 19.901833 20.33908 19.703678 10.946283 7.317587 13.137976 1.4073248 2.105199 2.5267074 0.94817543 0.9647879 0.98014855 1218.592 680.85736 252.30191 0.0 0.0 0.0 0.00032052756 0.02613398 0.00027841216 0.0015773226 0.0015168422 0.0008591851 0.9333342 0.9285714 1.0 14.0 13.0 30.0 0.8630716173072233 True 0.4239700749256329 
12.05248526465557 -24.94215586743181 19.90229 20.328241 19.514503 10.941671 7.3909984 15.638624 1.1164881 1.6528546 2.3623788 0.93694365 0.9570745 0.9757576 382.50278 167.43019 57.437874 0.0 0.0 0.0 0.09517618 0.06652375 0.068195894 0.06484522 0.05459402 0.088480674 0.6400304 0.59635824 0.69322133 11.0 7.0 13.0 0.7584853269550211 True 0.5557025855384337 
11.84791232879711 -25.13787445175145 19.903048 20.965971 18.708464 10.93405 4.107821 32.855972 0.4451101 1.184778 3.5601661 0.9460611 0.9633382 0.97932446 159.8882 103.43861 3.3449016 0.0 0.0 0.0 0.21570678 0.27445707 0.21133307 1.5925077 0.9262149 0.77264136 0.7794718 0.7673491 0.59689325 11.0 11.0 5.0 0.5661420054619701 True 0.7886100071628681 
12.04166738042611 -24.97696082790175 19.905878 20.360376 19.629402 10.905577 7.1754603 14.06823 2.520084 3.8301332 4.9408846 0.9384086 0.95808226 0.9763322 969.22974 392.82916 205.70331 0.0 0.0 0.0 0.32024598 0.2602239 0.045234125 0.06207138 0.06115409 0.061179332 0.8571429 0.77777773 0.81250083 12.0 7.0 13.0 0.7333504393182535 True 0.5724115442885784 
12.50771141567744 -24.75120804993952 19.90714 21.816187 18.911171 10.892898 1.8772626 27.26037 0.7199691 4.177652 10.454916 0.9548589 0.96936363 0.98274606 1018.8196 523.38727 80.27386 0.0 0.0 0.0 0.025506383 0.010525467 0.008476403 0.1162187 0.071897134 0.08674575 0.74824464 0.76408446 0.5214368 9.0 9.0 10.0 0.9484573106142056 True 0.1616576442949888 
12.09515922588955 -25.33048117078461 19.907616 20.758049 18.907207 10.888135 4.974856 27.360056 0.30742213 0.67283434 1.6907196 0.94593585 0.9632523 0.97927564 149.19449 89.36452 14.9934 0.0 0.0 0.0 0.24913263 0.2614049 0.24247949 0.3731669 0.32568455 0.25355154 0.5959712 0.5826845 0.59928757 14.0 14.0 19.0 0.6335684906819561 True 0.7037136568707837 
11.96639495636765 -24.80392243646846 19.90793 21.812103 18.740602 10.88498 1.8843372 31.897682 0.6801044 3.928661 11.512671 0.94290984 0.96117556 0.9780941 1865.4824 837.1028 201.4173 0.0 0.0 0.0 0.0074790297 0.003113188 0.018309617 0.0039765364 0.0022654866 0.00064498803 1.0 0.93121576 0.99999976 14.0 13.0 22.0 0.7232553906432571 True 0.6264394783672685 
11.9592930255525 -24.70512504888135 19.912678 20.747292 19.343723 10.837486 5.0243907 18.302502 1.3541459 2.920859 4.9327884 0.9478262 0.9645486 0.98001254 1270.2883 736.6115 189.1836 0.0 0.0 0.0 0.013735259 0.019872548 0.032469474 0.015487161 0.009194627 0.0084874155 0.91666794 0.9166863 0.90729266 11.0 11.0 20.0 0.7817408743454335 True 0.6468265434131879 
12.08758789312416 -24.6893943154824 19.913582 20.453985 19.577208 10.828483 6.582731 14.761037 2.0053449 3.2987592 4.4967613 0.9487816 0.9652034 0.98038465 1275.8918 799.9879 234.85542 0.0 0.0 0.0 0.023125231 0.009372244 0.007855209 0.009251205 0.008496742 0.006275711 0.9834437 0.91777116 0.99823666 11.0 11.0 20.0 0.8223802508701443 True 0.5377723463525153 
12.43757155676458 -24.86230786873805 19.915737 20.915228 19.279993 10.807009 4.3043604 19.408966 1.0713837 2.6899362 4.83102 0.9526178 0.96783054 0.9818764 1662.6399 854.0594 194.22841 0.0 0.0 0.0 0.002375417 0.0026789068 0.007769598 0.020131994 0.017115796 0.0042755394 0.9999982 0.9333254 0.99971133 15.0 14.0 19.0 0.9400434401986922 True 0.19857385624565 
12.12447411231313 -25.00404211893921 19.91623 21.074646 19.151236 10.802097 3.7165627 21.852736 1.1746855 3.414194 6.906944 0.9389304 0.95844114 0.9765367 1042.7764 412.60886 148.08435 0.0 0.0 0.0 0.0077565075 0.013035883 0.007507035 0.036172006 0.03884069 0.018901434 0.80001605 0.80003816 0.8000041 12.0 8.0 12.0 0.7878141757816032 True 0.5076910555293737 
11.79293279392927 -25.13401225166028 19.916286 20.847519 19.110561 10.801534 4.581335 22.686922 0.7146993 1.6850654 3.5392144 0.9460378 0.9633223 0.9793154 471.09738 297.60428 17.366657 0.0 0.0 0.0 0.0015454375 0.067438595 0.00031560706 0.1898756 0.12073983 0.10956308 0.99575716 0.99520135 0.9988524 12.0 12.0 7.0 0.5354328711509226 True 0.8336080595298552 
11.8192823613763 -25.2082847915899 19.917137 21.217266 19.033133 10.793069 3.2590668 24.363892 1.112438 3.6840665 8.316281 0.94606644 0.9633419 0.9793266 609.1356 385.4027 62.02245 0.0 0.0 0.0 0.19531977 0.2813875 0.0050883354 0.0034068082 0.0030424274 0.0015254042 0.99997216 0.99997324 0.9999727 7.0 7.0 8.0 0.5435063792030703 True 0.8405187782949946 
12.29527504037389 -25.05520372171156 19.917973 21.00379 19.19655 10.784779 3.967197 20.959465 1.2931659 3.5154564 6.832044 0.9474982 0.96432376 0.97988474 1263.354 465.4186 119.04262 0.0 0.0 0.0 0.19117147 0.2776143 0.078305386 0.0026073137 0.010482699 0.013911674 0.84615344 0.80063134 0.78853613 11.0 8.0 10.0 0.8665264421931489 True 0.3897897730761067 
12.26041559710338 -25.25264852492329 19.918297 20.617287 19.425892 10.78156 5.663506 16.968481 1.5897608 3.026412 4.763097 0.9479922 0.9646624 0.9800772 1334.8729 851.16345 336.75095 0.0 0.0 0.0 0.0012132614 0.0008898618 0.021346034 0.008228868 0.012040248 0.0054417346 0.9267843 0.9219375 0.99998873 13.0 13.0 29.0 0.7517516303310385 True 0.5444477912763881 
11.78030549346034 -25.13111757188306 19.918388 20.72697 19.249926 10.780634 5.1193094 19.953976 1.0758553 2.2656186 4.1934543 0.9460125 0.9633049 0.9793055 616.85223 380.55844 24.487522 0.0 0.0 0.0 0.049888205 0.17297585 0.050318837 0.10160391 0.06429258 0.054959305 0.9991443 0.999067 0.9998345 12.0 12.0 7.0 0.5354328711509226 True 0.8433429688486583 
12.18311462186171 -25.64498730515135 19.91871 20.527334 19.561924 10.777452 6.152708 14.970285 3.6266274 6.3526173 8.824025 0.9527403 0.96791434 0.98192394 2910.3672 1266.5957 427.93176 0.0 0.0 0.0 0.0026187215 0.0038412067 0.0011630624 0.014504554 0.01773707 0.016889278 0.77922857 0.752074 0.8891122 14.0 12.0 16.0 0.5394582498952347 True 0.9091073999614392 
12.14200636357439 -25.60953115731981 19.918816 21.344044 18.839111 10.776393 2.8998961 29.131027 0.44104573 1.6389835 4.430543 0.9523164 0.96762425 0.9817593 425.51236 154.31802 28.429173 0.0 0.0 0.0 0.20741332 0.20320314 0.20060703 0.3342894 0.08498657 0.019382244 0.7615958 0.74795866 0.9342755 13.0 8.0 9.0 0.5375981607233966 True 0.8965570901943446 
11.99702365163944 -24.94010806615391 19.92072 21.304508 19.112513 10.757523 3.0074394 22.646168 1.3303586 4.7586536 10.017666 0.93893945 0.95844734 0.9765402 1280.4562 527.5233 211.38734 0.0 0.0 65536.0 0.24580607 0.29203653 0.24206962 0.059195757 0.014418118 0.012889774 0.7666954 0.79428655 0.82751423 12.0 9.0 15.0 0.7209854152561997 True 0.6049039320281725 
11.67661168354126 -24.88428719489922 19.922333 21.298763 19.090324 10.741548 3.023394 23.113747 1.1988238 4.2591944 9.164968 0.9174701 0.94362915 0.96806616 1193.7706 708.6792 66.011024 0.0 0.0 0.0 0.00394262 0.003067437 0.049882572 0.024100728 0.018142091 0.021474771 0.90908283 0.9090891 0.7272718 10.0 10.0 8.0 0.553650708171799 True 0.8887974686138663 
12.16062076466101 -25.02234760657395 19.923397 20.856869 19.277624 10.73102 4.5420575 19.451391 1.9526664 4.6133504 8.362308 0.94067836 0.9596427 0.9772213 1875.6212 805.3829 251.68188 0.0 0.0 0.0 0.0012010535 0.00078292616 0.022291943 0.039746113 0.01575088 0.007174318 0.89104396 0.9999971 0.9159493 12.0 8.0 11.0 0.8001750046841394 True 0.4832469006451939 
12.35414294136362 -24.68831582779905 19.923483 20.456087 19.591373 10.730172 6.570002 14.569692 1.7602134 2.8747926 3.903464 0.95048535 0.9663706 0.9810476 1142.5587 686.16327 204.35829 0.0 0.0 0.0 0.00340477 0.0046113906 0.0025952747 0.016621506 0.012649604 0.009277309 0.84647053 0.9388993 0.9517447 11.0 11.0 19.0 0.881200396667615 True 0.3136263739411365 
12.36786907553961 -24.62943119147132 19.927578 20.502768 19.616364 10.68979 6.2935147 14.238179 1.6610955 2.821438 3.7579918 0.9523096 0.96761954 0.9817566 1296.003 703.6621 205.01627 0.0 0.0 0.0 0.016057935 0.021562686 0.0032847086 0.011846717 0.009521228 0.005779507 0.9838793 0.9005007 0.9523969 12.0 11.0 20.0 0.87704793558225 True 0.3365784345639778 
12.57808111289797 -24.40402784247323 19.928936 21.032204 19.290974 10.676428 3.8647268 19.213682 0.96035403 2.653008 4.774448 0.95529664 0.969663 0.9829158 930.356 506.09003 173.39555 0.0 0.0 0.0 0.009026175 0.03811016 0.059418846 0.00083486177 0.0002044935 0.00020689976 0.93511784 0.9923395 0.9321516 9.0 9.0 19.0 0.8919780344369796 True 0.4432446488559285 
12.36507079534321 -24.95205351184318 19.931456 20.636713 19.530924 10.651675 5.563075 15.403904 1.7077172 3.269783 4.7285914 0.9519988 0.9674068 0.98163587 1696.862 751.5661 111.10589 0.0 0.0 16400.0 0.0006180102 0.0004585608 0.14999746 0.014663056 0.00590258 -0.011817235 1.0 1.0000001 0.9999999 14.0 10.0 15.0 0.9234297092101008 True 0.2853078279589046 
12.23104448772896 -24.65266016914668 19.932564 20.912943 19.437162 10.640813 4.3134303 16.793272 1.0262711 2.5317109 3.995532 0.94985265 0.96593726 0.9808015 1219.0787 586.95013 269.21707 0.0 0.0 0.0 0.0030232996 0.03464838 0.018990038 0.13023598 0.07010849 0.025876556 0.9994029 0.99937654 0.9994416 12.0 11.0 28.0 0.8283393652421261 True 0.4293722356947866 
12.66527387739619 -24.59284861185478 19.938854 20.943224 19.297274 10.579329 4.19479 19.102522 1.0138885 2.5570433 4.6171145 0.95041096 0.9663196 0.98101866 863.6711 448.58298 170.27834 0.0 0.0 0.0 0.005530525 0.030858567 0.03762364 0.0 0.0 0.0 0.88707435 0.8095451 0.92035884 8.0 7.0 17.0 0.9393990411625504 True 0.2489856820925843 
12.4777577095856 -24.65757405705897 19.942122 21.090242 19.251347 10.54755 3.66356 19.927904 0.8705775 2.506431 4.735499 0.9560532 0.9701802 0.983209 1223.6935 549.0282 151.86916 0.0 0.0 0.0 0.00339783 0.06700354 0.028406274 0.00066199666 0.0006758176 0.0012337132 0.92237455 0.91637266 0.8945551 12.0 11.0 17.0 0.9556520665139026 True 0.2447624230261469 
11.77196234499765 -25.13469735458601 19.943193 20.778202 19.018383 10.53714 4.883369 24.697151 0.43575123 0.94024676 2.2037683 0.94601035 0.9633034 0.9793047 142.61273 70.03499 5.3134503 0.0 0.0 0.0 0.14688303 0.3042947 0.13602845 1.5106579 1.1522989 1.0978211 0.7572535 0.755202 0.68354636 11.0 11.0 7.0 0.5354328711509226 True 0.8516445028353081 
12.44453437503259 -24.82573262111159 19.943796 21.743748 19.013771 10.531287 2.0067844 24.802277 0.9262025 4.860564 11.447135 0.9529115 0.9680315 0.9819904 2639.6465 1139.1749 307.6197 0.0 0.0 0.0 0.0040278756 0.00080285786 0.020965405 0.011665639 0.0069003063 0.0038943915 0.9985192 0.9999816 0.9999813 15.0 14.0 20.0 0.9471548823900476 True 0.1918999173875068 
11.80638981900896 -24.84174632578485 19.944502 20.917515 19.309958 10.524437 4.295308 18.880655 1.1078405 2.71445 4.869675 0.92694235 0.9501807 0.97182 1315.0177 748.9217 63.636784 0.0 0.0 0.0 0.0009544276 0.03684274 0.00091120973 0.028952127 0.025619613 0.029765854 1.0 1.0 0.5000052 12.0 12.0 10.0 0.6240064755778431 True 0.7703105476536138 
12.23304130675892 -24.51464102659641 19.945293 21.220928 19.165854 10.516776 3.2480936 21.56047 0.7346836 2.3787808 4.8767447 0.9539037 0.96871036 0.9823755 538.8197 305.32434 91.39451 0.0 0.0 0.0 0.08047374 0.077396244 0.06524409 0.18234138 0.05342522 0.018754514 0.7174356 0.719371 0.9101283 10.0 10.0 19.0 0.7991343565675912 True 0.5044916351326301 
12.29856029861391 -24.87070045570822 19.947714 20.393385 19.603388 10.493364 6.9605856 14.40937 2.2105196 3.3324473 4.5760794 0.945598 0.96302056 0.97914386 1352.4219 879.1692 226.50705 0.0 0.0 0.0 0.011892696 0.0366327 0.00096993614 0.0018709351 0.0012134791 0.00050017337 0.88990057 0.92837095 0.9475295 13.0 14.0 18.0 0.8931856102985671 True 0.3249038350735882 
12.15018389642843 -25.04686890956588 19.949785 21.284126 19.036858 10.473358 3.064428 24.280462 0.42695352 1.4592079 3.382892 0.9418279 0.96043247 0.9776711 509.64804 221.12782 42.423782 0.0 0.0 0.0 0.1178643 0.018875292 0.01514507 0.036786836 0.021941235 0.015005147 0.7383834 0.875 0.78636676 10.0 7.0 7.0 0.8001750046841394 True 0.5014709574353361 
12.32613133334915 -24.65465578899074 19.949818 21.58861 18.948242 10.473049 2.3150291 26.345299 0.970236 4.389288 11.041398 0.9499122 0.96597797 0.98082465 2082.912 746.4839 279.90274 0.0 0.0 0.0 0.008638866 0.08484641 0.0012049917 0.023873579 0.009729096 0.0018231032 0.91126674 0.77579993 0.86363643 12.0 10.0 19.0 0.8596357795529257 True 0.3527604160370062 
12.32221668529276 -25.66780353078258 19.950087 20.904545 19.515345 10.470457 4.3469276 15.626515 2.11918 5.104475 7.618116 0.9535587 0.96847427 0.98224163 2267.6287 1276.8984 479.90784 0.0 0.0 0.0 0.002792565 0.0026945686 0.0457843 0.005657434 0.00922089 0.0063776164 0.8333572 0.9374993 0.899015 15.0 15.0 24.0 0.5918068152912082 True 0.8789764400751424 
12.42296581324559 -24.7223789617375 19.95114 20.591045 19.553413 10.460308 5.802058 15.08809 2.056124 3.7069068 5.3468924 0.9545163 0.9691294 0.9826132 1592.757 882.4814 279.9987 0.0 0.0 0.0 0.028871605 0.027543325 0.10097706 0.0020719485 0.0011678424 0.0020739506 0.9001291 0.9231013 0.7648089 13.0 12.0 23.0 0.9259601063193094 True 0.2423750997022284 
12.26310475564227 -24.55271427599221 19.952732 21.071623 19.296629 10.444976 3.7269294 19.113867 2.1155636 5.929013 10.849843 0.954041 0.9688043 0.9824288 2313.58 1168.8778 158.49248 0.0 0.0 2048.0 0.0010524498 0.0015345177 0.0005563361 0.010001891 0.0039778813 0.00066401134 1.0 1.0 0.99999994 12.0 11.0 9.0 0.8272499416437252 True 0.4590373422216153 
12.26088461560349 -24.93296498366756 19.954552 20.300877 19.6728 10.427475 7.5796595 13.516997 3.3687248 4.6344156 6.0075316 0.9441105 0.96199983 0.9785632 1588.8491 885.73444 319.0819 0.0 0.0 0.0 0.00360115 0.047386892 0.0026824726 0.027737355 0.004575947 -0.008600323 0.9995496 0.9996361 0.99958193 11.0 9.0 14.0 0.8800122345133734 True 0.3690755509024416 
12.05390662790231 -24.68755054261174 19.95679 20.808926 19.342815 10.405993 4.7471147 18.317822 1.4779614 3.2397902 5.70305 0.9478064 0.964535 0.98000485 1197.9799 720.07574 225.98157 0.0 0.0 0.0 0.016634483 0.043783598 0.0037823294 0.0034413384 0.0021247468 0.0011772456 0.879978 0.8843203 0.9381669 10.0 10.0 19.0 0.799654642491924 True 0.5676939809932853 
12.00008502056286 -24.64369174382245 19.959608 20.7446 19.4311 10.379032 5.036863 16.88728 1.8227264 3.7559361 6.111123 0.95096505 0.96669906 0.98123413 1724.2811 918.9053 262.42734 0.0 0.0 0.0 0.0036269089 0.018348526 0.0019595812 0.0067559783 0.009903767 0.0052457564 0.8799097 0.8444947 0.82053465 12.0 11.0 18.0 0.7777273367531886 True 0.6275326914143001 
12.08234352926853 -25.36642518335866 19.959764 20.85996 18.716331 10.37753 4.52914 32.618763 0.36250746 0.8306063 2.6107705 0.94584686 0.9631913 0.9792409 141.30139 95.58024 9.754604 0.0 0.0 0.0 0.248588 0.24634211 0.24941413 3.2935565 2.3692603 3.0422215 0.83267117 0.8289336 0.5792929 13.0 13.0 13.0 0.5900511747764036 True 0.7371211445359055 
12.12523082207035 -24.47296611295443 19.960384 21.443872 18.892475 10.37161 2.6451552 27.733837 0.7962294 3.1220024 8.34828 0.95357746 0.96848714 0.9822489 1318.3025 654.5814 158.1686 0.0 0.0 0.0 0.0079603335 0.013490629 0.025123408 0.008401266 0.0034663514 0.0011431541 0.999603 0.9713965 0.9554813 13.0 12.0 20.0 0.7427151964127359 True 0.6071614400588268 
11.67743111227749 -24.90380618918191 19.961262 21.280113 18.950535 10.363241 3.0757778 26.289713 0.81714755 2.7532213 6.9844365 0.91478837 0.94177026 0.966999 1323.9104 723.6371 171.14413 0.0 0.0 0.0 0.008267068 0.0030994893 0.0044963886 0.044623446 0.027894676 0.010357694 0.96456206 0.91669536 1.0 12.0 11.0 20.0 0.553650708171799 True 0.8890656234942595 
12.25278931584778 -25.11955136258834 19.963835 21.620224 19.028696 10.338708 2.2485907 24.463655 0.57654 2.6508508 6.272496 0.94612443 0.96338165 0.9793492 787.3164 360.1584 98.9231 0.0 0.0 0.0 0.23847266 0.19570641 0.09324554 0.13181247 0.059401702 0.032780215 0.933333 0.9999996 0.9999998 14.0 11.0 14.0 0.8229198310177148 True 0.4582584933847339 
11.84582214697491 -25.1413562946659 19.965265 20.6219 19.25914 10.325089 5.639489 19.78535 0.92075044 1.6857607 3.2303228 0.9460612 0.9633383 0.9793245 335.58963 241.75313 8.638916 0.0 0.0 0.0 0.08103394 0.09017442 0.0060538445 0.5032823 0.37925765 0.6790108 0.81893426 0.83993495 0.8043829 10.0 11.0 4.0 0.5661420054619701 True 0.7916561353865876 
11.98061733542137 -24.66247104742093 19.966368 21.292253 19.074686 10.314616 3.0415735 23.449068 0.99439293 3.3721957 7.666291 0.95047903 0.96636623 0.9810451 1243.7452 653.43744 56.43143 0.0 0.0 0.0 0.010767164 0.02312736 0.028983034 0.017020656 0.00889875 0.0069920826 0.9134257 0.9210626 0.4811932 12.0 12.0 10.0 0.7589695440099259 True 0.6387393328227059 
12.6012049904147 -24.63357792540613 19.968094 21.119183 19.228111 10.29823 3.567197 20.358957 1.8397211 5.3111362 10.499785 0.9536799 0.96855724 0.98228866 2306.2705 1032.4255 369.02444 0.0 0.0 0.0 0.015356393 0.06085886 0.02338 0.0 0.0 0.0 0.97164303 0.99836826 0.9978538 12.0 10.0 18.0 0.9709099942401608 True 0.2138082427087016 
12.36386823346681 -24.99250392514792 19.968702 20.944536 19.329388 10.292464 4.189726 18.545767 0.9739877 2.3926942 4.3113437 0.95392513 0.96872497 0.98238385 1486.7131 577.29736 125.18537 0.0 0.0 0.0 0.000459404 0.005389496 0.00020415639 0.007371563 0.0025877235 0.0013519286 0.9999996 1.0 0.9999854 15.0 10.0 13.0 0.9381121334861804 True 0.3041317914502283 
12.37101022808732 -24.94391968030705 19.969503 21.016047 19.388128 10.284864 3.9226644 17.569077 1.0656642 2.7940733 4.772964 0.951826 0.9672885 0.98156875 1762.1907 743.0423 176.1638 0.0 0.0 0.0 0.010407946 0.0036361143 0.004028731 -0.0030607537 0.013976338 0.010185823 0.91241777 0.9088976 0.933423 14.0 10.0 15.0 0.9234297092101008 True 0.2772639022627547 
12.31384280924951 -25.04414570082331 19.97329 21.189913 19.153746 10.249059 3.3422215 21.802263 1.4500788 4.446726 9.459277 0.9500594 0.9660788 0.9808819 1511.457 576.3485 142.69783 0.0 0.0 0.0 0.013525792 0.13655137 0.0076070772 0.023377076 0.008727314 0.0044597033 0.9168223 0.99389416 0.99859893 11.0 8.0 8.0 0.8665264421931489 True 0.3696833061641789 
12.0217653593005 -25.4514714251677 19.973856 20.76048 19.419996 10.24371 4.9637265 17.060883 2.4295156 5.013824 8.350516 0.9457641 0.9631345 0.97920865 2079.7795 1014.6254 236.69974 0.0 0.0 0.0 0.062540814 0.046448242 0.004848872 0.14991388 0.022846181 0.006824779 0.9285714 1.0000002 1.0 13.0 10.0 10.0 0.530223096636824 True 0.8360883777483534 
11.96254619008046 -24.55876268787843 19.974716 20.456928 19.63333 10.235611 6.564909 14.017419 1.6430355 2.561722 3.508216 0.9488583 0.965256 0.9804145 480.59763 348.5078 38.67924 0.0 0.0 0.0 0.082544535 0.077327035 0.16183442 0.10571501 0.08153344 0.1359568 0.67570025 0.7531061 0.36182517 9.0 10.0 11.0 0.7527078664209589 True 0.6906346068188092 
12.14430087209511 -25.05660066915301 19.97932 20.707872 19.429598 10.192292 5.210162 16.910679 2.3203611 4.5391674 7.531221 0.9422665 0.9607338 0.9778426 1855.3909 673.5866 277.1955 0.0 0.0 0.0 0.12526962 0.25071326 0.08395761 0.003865959 0.0012928066 0.000505983 0.85714287 0.8888889 0.9920379 12.0 8.0 13.0 0.7575173719739043 True 0.5103269684979154 
12.36921042240933 -24.54028357807484 19.979818 20.418972 19.756224 10.187627 6.7984667 12.517295 0.82611173 1.2379436 1.5210319 0.95445657 0.9690885 0.98259 561.12445 278.0387 113.67699 0.0 0.0 0.0 0.012604187 0.06681528 0.022146981 0.039932128 0.030161321 0.015166053 0.92228574 0.91646576 0.9655172 12.0 11.0 28.0 0.8901705523123238 True 0.3981629934123812 
11.74825768800358 -24.75684089898018 19.981075 20.94745 19.410364 10.175834 4.178491 17.212906 1.3793092 3.3590167 5.6819363 0.93391484 0.9549893 0.9745679 1223.2214 720.545 197.85152 0.0 0.0 0.0 0.004704407 0.0043130014 0.0041625225 0.0017237988 0.0010724275 0.0007398756 0.83332217 0.8333216 0.94998616 10.0 10.0 19.0 0.6316412637478668 True 0.827984202592739 
12.29866156870024 -25.03531951352326 19.981249 20.959352 19.390656 10.174202 4.1329412 17.528233 1.1722839 2.885851 4.9717774 0.94827944 0.96485925 0.9801891 1420.8727 599.0082 90.462204 0.0 0.0 0.0 0.009257585 0.07368237 0.16894533 0.00031038205 0.00021160216 0.00046413657 0.9523623 0.9795986 0.9016194 12.0 9.0 11.0 0.8562175491259778 True 0.3766721001530584 
11.68275999971755 -24.74167433655538 19.981844 20.20373 19.867283 10.168623 8.289118 11.300217 3.257507 3.9961262 4.4408264 0.93594146 0.9563848 0.9753642 1311.3699 1014.2654 260.14822 0.0 0.0 0.0 0.067265816 0.0068895705 0.04493112 0.002240089 0.010372281 0.014690042 0.9999995 0.9801578 1.0 12.0 12.0 21.0 0.5865597058485092 True 0.888855637638748 
12.18379191271685 -25.11254144685986 19.983715 21.768906 19.07588 10.151114 1.9608197 23.423294 1.1486713 5.9466414 13.721642 0.9448714 0.96252203 0.97886026 2385.9604 974.1092 343.0453 0.0 0.0 0.0 0.2662857 0.27611342 0.10983661 0.013512913 0.020998603 0.016367253 0.923077 1.0000001 0.9999999 12.0 10.0 13.0 0.7663022039437283 True 0.505575128744565 
12.09962451220473 -25.35240230450503 19.984966 20.578115 19.256592 10.139426 5.8715644 19.831858 0.51103884 0.88249743 1.7260903 0.9458826 0.9632158 0.9792549 486.64706 313.8504 49.716846 0.0 0.0 0.0 0.09310354 0.10276014 0.0861188 0.09076002 0.07804665 0.10482509 0.9395917 0.9781773 0.9820225 14.0 15.0 19.0 0.5900511747764036 True 0.7162141942972508 
11.95758567585231 -24.74398673267843 19.986694 21.333918 19.185558 10.123299 2.9270673 21.172707 1.0942204 3.7843754 7.914956 0.9457443 0.9631209 0.9792009 1250.3696 687.7381 202.48898 0.0 0.0 0.0 0.0025523135 0.03240319 0.0037942298 0.048121363 0.029817475 0.008002327 0.90909094 0.99986804 1.0000001 10.0 10.0 19.0 0.7403576484904826 True 0.6410890703410682 
12.76555141854722 -24.48013830889405 19.9867 20.823658 19.455166 10.123256 4.683133 16.517094 1.420598 3.070824 5.0103536 0.9494865 0.9656863 0.980659 1133.0315 590.0903 214.46298 0.0 0.0 0.0 0.0024562054 0.0025516567 0.016894266 0.00019089537 0.0001105447 0.00029616538 0.99959093 0.9995953 0.9991549 9.0 8.0 19.0 0.7939561946306 True 0.3752088202643314 
11.8820316108064 -25.02902457573513 19.986992 20.693466 19.36545 10.120536 5.279756 17.939903 1.2566564 2.4088304 4.2699504 0.944642 0.9623646 0.97877073 994.0053 351.0879 85.94493 0.0 0.0 65536.0 0.3472459 0.38377795 0.18836235 0.064485565 0.01987299 0.014845149 0.7979943 0.8 0.91667444 13.0 8.0 11.0 0.6382154459435682 True 0.7252215538979035 
12.24155271057723 -25.67783359070608 19.987387 20.767622 19.43243 10.116847 4.93118 16.86662 1.9541765 4.009204 6.6840696 0.9521005 0.9674765 0.9816754 2544.396 1114.2712 285.11557 0.0 0.0 0.0 0.003027577 0.0035241079 0.0020675547 0.00018083549 0.00014599884 -6.9856214e-06 0.8969358 0.9999696 0.99700135 15.0 14.0 17.0 0.5410130110051823 True 0.9155224470706028 
11.8668328027814 -25.06248218748867 19.989439 21.11764 19.20857 10.097742 3.5722713 20.7287 1.6310687 4.6105433 9.464549 0.9456912 0.96308446 0.9791802 1375.0443 523.1669 59.311203 0.0 0.0 65536.0 0.3597673 0.30192792 0.0024047904 0.041127987 0.0070276726 0.0043243407 0.9543312 0.9999997 0.99999976 13.0 7.0 5.0 0.596411393845381 True 0.7475364542196059 
12.31196278520937 -24.97509595777458 19.989735 20.705479 19.51122 10.095002 5.2216554 15.68599 2.1629682 4.1816564 6.497614 0.94914836 0.9654547 0.9805274 1661.8257 561.51105 223.41646 0.0 0.0 0.0 0.021859452 0.17210005 0.0027612657 0.0028458883 0.0030265679 0.0011620495 0.7901227 0.70033264 0.78579086 11.0 7.0 11.0 0.8937909735151089 True 0.33858057965619 
12.38124757328231 -24.58232417053773 19.991484 21.69535 19.07102 10.078739 2.098261 23.528395 0.9340008 4.486358 10.473215 0.9539563 0.9687463 0.98239595 1781.0702 829.1881 87.61424 0.0 0.0 0.0 0.002979914 0.0030621416 0.0020900525 0.0076924143 0.0051577734 0.00080022286 0.8461538 0.9090911 0.7272736 11.0 10.0 8.0 0.9133856353733124 True 0.359639466505824 
12.37980415563316 -24.69573527899647 19.992014 21.066008 19.2887 10.073825 3.7462502 19.253946 0.9377006 2.5215168 4.8193364 0.95206416 0.9674516 0.98166126 1436.3776 691.77496 181.20639 0.0 0.0 0.0 0.0019797203 0.009197964 0.0022934494 0.0030806824 0.0027664434 0.0009300695 0.85655373 0.84865224 0.85777694 12.0 11.0 18.0 0.881200396667615 True 0.2896892723830599 
12.05196995192297 -25.42814908896884 19.994047 20.784 19.487047 10.054976 4.857357 16.039133 1.9065135 3.94658 6.295362 0.9457696 0.9631383 0.9792108 1314.2526 481.03815 79.64311 0.0 0.0 0.0 0.22497322 0.31397042 0.30051106 0.022314508 0.016700892 0.012397691 0.89724517 0.9980378 0.9983519 12.0 8.0 9.0 0.5559152988521197 True 0.8005009978848735 
12.22428505000782 -24.45261989431423 19.994534 21.659185 19.13615 10.050467 2.1693306 22.15848 1.057084 4.89745 10.797512 0.95517427 0.96957934 0.9828683 2201.0488 1021.0751 296.26974 0.0 0.0 0.0 0.014607131 0.018815413 0.026900038 0.023074284 0.01242697 0.0051865294 0.93053216 0.95650643 0.90924674 13.0 12.0 20.0 0.818623335281398 True 0.5525029382219272 
12.08857115349448 -24.94677086806555 19.995901 20.525692 19.507524 10.037823 6.1620235 15.739468 1.0120491 1.6486093 2.5850458 0.9371984 0.9572498 0.97585756 814.2506 362.4135 101.0134 0.0 0.0 0.0 0.01983544 0.0012229838 0.0011839663 0.046453573 0.04736171 0.11960578 0.93668634 0.9999998 0.9875772 14.0 10.0 17.0 0.7722436217053475 True 0.5244416236441903 
12.83043533927942 -24.51650675444931 19.997185 20.506588 19.67122 10.025963 6.271409 13.536655 1.7912627 2.863652 3.8663888 0.94737583 0.96423984 0.97983706 716.0998 524.10956 189.61511 0.0 0.0 0.0 0.0045548906 0.0024886748 0.00758468 0.023782697 0.008562155 0.00015515918 0.8941921 0.96567523 0.99739754 7.0 8.0 19.0 0.7970562495538236 True 0.3621280039551347 
12.4608992354976 -24.62974588146148 19.99814 20.785343 19.598635 10.01714 4.8513494 14.472589 0.99628186 2.057138 2.9721172 0.9555526 0.96983796 0.983015 933.7866 522.4551 58.04835 0.0 0.0 0.0 0.01683152 0.014146701 0.011023979 0.092539966 0.06322071 0.03911918 0.84038144 0.8735565 0.6934709 11.0 11.0 11.0 0.9336165939364672 True 0.2758991776596406 
13.41674728950111 -25.6126300326462 19.999315 21.515188 19.165277 10.006308 2.476992 21.571928 1.3523399 5.463049 11.777421 0.9458351 0.9631832 0.97923636 2040.4495 872.9804 330.90857 0.0 0.0 0.0 0.023478506 0.01947158 0.03010452 0.04349738 0.07098951 0.013267986 0.84110296 0.8000266 0.9431908 8.0 8.0 17.0 0.6965807545659989 True 1.032428307555232 
12.9311492950241 -25.16582959593681 19.999578 21.014574 19.292894 10.003891 3.9279902 19.179716 1.2416782 3.162333 6.062906 0.9495308 0.9657167 0.98067623 1539.7216 791.39087 216.82657 0.0 0.0 0.0 0.0072181206 0.0015361409 0.0072563104 0.024218109 0.028696772 0.029409 0.8004215 0.8290052 0.94451076 12.0 12.0 17.0 0.9497610009150717 True 0.4091942177286769 
12.80174090669101 -25.54850253928474 19.999922 21.421888 19.22083 10.000717 2.6992588 20.495937 1.1820073 4.379321 8.975185 0.96395916 0.97557724 0.98626465 1957.2472 1004.5648 112.48013 0.0 0.0 0.0 0.002570222 0.020080343 0.0067498772 0.00929624 0.0027366881 0.00087066006 0.9986801 0.9243059 0.6901015 13.0 13.0 11.0 0.8823893996333099 True 0.7190868692690311 
