RA DEC MAG_R MAG_G MAG_Z FLUX_R FLUX_G FLUX_Z FIBERFLUX_G FIBERFLUX_R FIBERFLUX_Z MW_TRANSMISSION_G MW_TRANSMISSION_R MW_TRANSMISSION_Z FLUX_IVAR_G FLUX_IVAR_R FLUX_IVAR_Z GAIA_PHOT_G_MEAN_MAG GAIA_PHOT_G_MEAN_MAG_1 MASKBITS FRACMASKED_G FRACMASKED_R FRACMASKED_Z FRACFLUX_G FRACFLUX_R FRACFLUX_Z FRACIN_G FRACIN_R FRACIN_Z NOBS_G NOBS_R NOBS_Z PROB LOCAL SEP 0
11.95412505623003 -23.6508268873851 17.728638 18.645945 17.033813 81.01119 34.803463 153.62943 3.9223073 9.129862 17.313847 0.94994044 0.96599734 0.9808356 183.08412 77.713036 29.740091 0.0 0.0 0.0 0.11543405 0.13692228 0.041569546 0.11363649 0.08595832 0.06749947 0.73610145 0.77301264 0.80861104 13.0 10.0 20.0 0.5200110431969971 True 1.3529816423361274 
11.66427000514348 -23.93494078473567 18.272058 18.687458 17.979174 49.110737 33.497845 64.317696 1.8648645 2.7340524 3.580642 0.9490076 0.96535826 0.9804726 123.50766 70.38966 41.78807 0.0 0.0 0.0 0.038290277 0.03668535 0.05636505 0.08090135 0.07526986 0.07074339 0.80012476 0.7752671 0.92784286 8.0 7.0 27.0 0.5463278708890382 True 1.28161902949799 
11.84462360496894 -23.69675982957114 18.27454 19.211283 17.611856 48.99867 20.676954 90.21059 3.37844 8.005968 14.739648 0.94562054 0.963036 0.9791526 440.02277 177.5231 78.0359 0.0 0.0 0.0 0.094299376 0.12680207 0.003331853 0.057179995 0.022966737 0.005118951 0.8454215 0.8001909 0.9007521 11.0 8.0 18.0 0.5052656991254983 True 1.3644711658354265 
11.91910403484211 -23.6889695432469 18.379225 19.641338 17.530165 44.494896 13.914399 97.259926 1.8780472 6.0055423 13.127317 0.9466925 0.9637713 0.97957075 585.51416 234.55493 83.33342 0.0 0.0 0.0 0.11696808 0.10214784 0.040825605 0.027114747 0.014176702 0.0053508766 0.9339844 0.91745096 0.96099526 13.0 10.0 20.0 0.5200110431969971 True 1.335342344895668 
11.63427550282884 -23.87983840974554 18.389946 19.966228 17.544971 44.05771 10.315932 95.94257 1.5989952 6.829055 14.871338 0.949584 0.9657532 0.980697 360.95804 140.92154 48.041325 0.0 0.0 0.0 0.05380967 0.051083952 0.059464667 0.03479801 0.03149734 0.048091054 0.9881091 0.9691358 0.99285406 12.0 9.0 19.0 0.5185368776572202 True 1.3403978910931609 
11.9119519002895 -23.71076294183889 18.592226 19.294697 18.156666 36.568684 19.147907 54.61776 3.220987 6.151443 9.187589 0.9464739 0.9636213 0.97948545 576.77655 253.14154 104.53384 0.0 0.0 0.0 0.08693711 0.11142259 0.0021161058 0.035890937 0.022547243 0.01786442 0.86080337 0.90738136 0.92454225 12.0 9.0 19.0 0.5259812751638333 True 1.3198826200271216 
11.85649614232941 -23.77875986617975 18.6123 19.093655 18.18598 35.898746 23.042955 53.162838 6.5076957 10.138374 15.014027 0.9482023 0.9648064 0.98015904 559.1459 329.70755 160.17058 0.0 0.0 0.0 0.001044198 0.0006306695 0.0051239543 0.00868267 0.0030513722 0.0062095462 0.6158474 0.6999993 0.84999883 8.0 7.0 17.0 0.5388375676842905 True 1.2899793367113892 
11.61916640308273 -24.01293610879966 18.642096 19.171473 18.277203 34.927044 21.449198 48.878582 2.6302147 4.28294 5.9937515 0.94813716 0.96476173 0.98013365 393.61154 155.44073 114.56509 0.0 0.0 0.0 0.035250593 0.0006900541 0.0013849718 0.023232177 0.015160908 0.009756646 0.98828286 0.8969767 0.9291064 10.0 6.0 25.0 0.5141504816730251 True 1.257968134125142 
11.96192519918465 -23.65631098445629 18.816738 19.711765 18.174044 29.7375 13.04048 53.75048 3.1775715 7.2461314 13.097371 0.950157 0.9661457 0.9809199 634.3655 281.7818 76.242615 0.0 0.0 0.0 0.15658653 0.17662455 0.10067671 0.061308637 0.04857856 0.07553371 0.8665244 0.9089838 0.77886903 13.0 10.0 16.0 0.5200110431969971 True 1.3447556741777056 
11.59838935669191 -23.94747292684658 18.83403 19.683163 18.189835 29.267647 13.388588 52.974396 4.4212337 9.664881 17.49342 0.95096284 0.9666976 0.98123324 1169.3959 543.1754 344.99875 0.0 0.0 0.0 0.041705612 0.0010559363 0.0044507077 2.3194854e-05 3.459956e-06 1.570455e-05 0.9567058 0.9432516 0.9312269 12.0 9.0 27.0 0.5081025635255241 True 1.3162459854684472 
11.97224608547462 -23.66120542366955 18.855028 19.65129 18.293715 28.707048 13.787446 48.140892 2.859656 5.954133 9.984909 0.950497 0.96637857 0.9810521 866.95166 392.68802 62.426235 0.0 0.0 0.0 0.10005396 0.10148182 0.0034302105 0.0072646015 0.005712397 0.0036487998 0.9999978 0.9999983 0.57924753 13.0 10.0 11.0 0.5200110431969971 True 1.3359795541209158 
11.66946297641823 -23.8113213579366 18.85519 19.734938 18.24854 28.702759 12.765121 50.186085 3.366356 7.569352 13.23483 0.9531542 0.9681976 0.98208463 759.9198 318.94556 140.04094 0.0 0.0 0.0 0.0016783202 0.0014076963 0.002720303 0.012372653 0.009448999 0.008052932 0.8475668 0.7822469 0.9107675 10.0 7.0 17.0 0.500206082458434 True 1.3693003036844955 
11.97348451821155 -23.68198809245076 18.856123 19.814026 18.096762 28.678133 11.868329 57.71588 1.022912 2.4717216 4.974438 0.95038444 0.96630144 0.98100835 286.66992 128.9793 16.881401 0.0 0.0 0.0 0.10318746 0.12216593 0.055567894 0.042064827 0.019134944 0.004237395 0.82898587 0.90578854 0.55954224 13.0 10.0 11.0 0.5200110431969971 True 1.3170668447519869 
11.74222456092514 -23.84704894648156 18.950354 19.595701 18.56285 26.29413 14.511749 37.571564 2.3461678 4.2510686 6.0743327 0.94936925 0.96560603 0.9806134 626.0554 301.5268 103.76584 0.0 0.0 0.0 0.0028129993 0.0022498819 0.0031097368 0.046005577 0.014301796 0.007927409 0.8342395 0.8182576 0.8999752 12.0 9.0 18.0 0.5546198523236198 True 1.298696146349581 
11.56695376108259 -24.08652431976723 18.960234 19.832253 18.287617 26.05592 11.670757 48.412056 3.8064976 8.498318 15.789926 0.941728 0.96036386 0.977632 1149.5789 482.62442 266.3279 0.0 0.0 0.0 0.0015565282 0.026818853 0.030338125 0.009159341 0.005851046 0.00819397 0.9621244 0.93241554 0.8079553 11.0 8.0 23.0 0.515024358962131 True 1.2479373115901429 
11.75095089912489 -23.77503838576719 18.996857 20.843317 18.020731 25.191711 4.5991035 61.902435 0.7792527 4.268377 10.488487 0.9521145 0.9674861 0.98168087 367.99844 150.75334 57.69462 0.0 0.0 0.0 0.041248996 0.038373142 0.04910676 0.11248724 0.05991318 0.032081496 0.58848786 0.6624507 0.8384151 8.0 7.0 18.0 0.524480255999249 True 1.350013385507029 
11.89364849406739 -23.81088108026036 19.043564 20.003502 18.416574 24.130934 9.967793 42.990257 2.1384618 5.1769814 9.223006 0.9506561 0.9664875 0.98111403 839.29614 387.27408 127.39667 0.0 0.0 0.0 0.019538308 0.04809616 0.01585959 0.05492977 0.012480511 -0.0041657398 0.7987972 0.89564955 0.92937976 10.0 9.0 18.0 0.5595162743431372 True 1.2441900128480294 
11.75006159973666 -23.87266879301113 19.113962 20.175335 18.383131 22.615973 8.508755 44.335052 2.307975 6.1345167 12.025754 0.9488201 0.9652298 0.9803996 1213.1589 527.9807 169.83405 0.0 0.0 0.0 0.0017990294 0.0035295684 0.03486701 0.0372254 0.016046647 0.011609455 0.9999224 0.99994 0.9522911 13.0 10.0 20.0 0.5530064224236964 True 1.2744068728381783 
11.66036217193994 -23.9557689196454 19.137577 19.521698 18.897125 22.129377 15.535343 27.61532 5.3278046 7.589211 9.4706 0.9488329 0.9652386 0.9804046 973.76154 564.94824 350.04434 0.0 0.0 0.0 0.086678624 0.001472852 0.0010678646 -0.00046615707 0.0035015964 0.006831488 0.998841 0.90007335 0.96662337 13.0 9.0 29.0 0.5305277385766171 True 1.269419738226742 
11.61274374792032 -23.88104477674741 19.16071 20.13041 18.483461 21.66288 8.868219 40.421783 1.8308177 4.472238 8.344958 0.94921154 0.96549803 0.980552 643.5859 314.43753 128.34879 0.0 0.0 0.0 0.002137321 0.0015346167 0.0025055285 0.006481183 0.0023494447 0.0037264233 0.8214551 0.87495136 0.9992962 9.0 7.0 18.0 0.5185368776572202 True 1.3533215803873628 
11.84747281068026 -23.77687319902923 19.183224 19.998693 18.620495 21.218285 10.012046 35.6289 2.1060438 4.4632874 7.4945736 0.94811225 0.9647446 0.98012394 622.23865 324.36203 127.18388 0.0 0.0 0.0 0.001455252 0.0013066346 0.0026952107 0.016059652 0.013973183 0.010621082 0.9536883 0.9641933 0.9998182 8.0 7.0 17.0 0.5388375676842905 True 1.2962315530662585 
11.76319389367138 -23.9001956605826 19.219486 20.075151 18.652246 20.521336 9.331234 34.602013 2.5498755 5.60771 9.45543 0.94839543 0.96493876 0.98023427 1273.8298 597.91345 180.94217 0.0 0.0 0.0 0.0006309387 0.00050637516 0.056158576 0.006717265 0.0039787902 0.0047100927 0.9285715 0.90909094 0.68966484 13.0 10.0 20.0 0.5530064224236964 True 1.2455939999261856 
12.10884990850822 -23.70007052702996 19.238155 19.655119 18.941473 20.171501 13.73892 26.510075 2.3556433 3.4585586 4.5453553 0.9585433 0.9718816 0.9841731 588.59283 359.12326 105.76196 0.0 0.0 0.0 0.0061977752 0.004691862 0.007142923 0.044704698 0.021626431 0.0053415704 0.8467726 0.9932062 0.89660835 10.0 9.0 17.0 0.5226857811753911 True 1.246416807635795 
11.9345582538994 -23.77488520154028 19.28549 20.76627 18.391893 19.310957 4.937326 43.978706 1.2059778 4.7168417 10.742119 0.95064604 0.9664806 0.9811101 659.6419 285.29236 105.61903 0.0 0.0 0.0 0.023256877 0.022934861 0.029128522 0.037504565 0.015844826 0.0065966723 0.8877671 0.87390226 0.94314873 8.0 7.0 17.0 0.5517199785190856 True 1.254191927397212 
11.86250395144593 -23.67261374774911 19.286505 20.086601 18.694729 19.292933 9.233353 33.27428 2.7980309 5.8464375 10.083278 0.9457599 0.9631316 0.979207 1050.016 538.93195 207.20047 0.0 0.0 0.0 0.09848372 0.11311783 0.00414433 3.0720206e-05 1.1603679e-05 3.7561436e-05 0.99998623 0.99998665 0.94795895 11.0 9.0 18.0 0.5052656991254983 True 1.3761582210565475 
11.95081131269509 -23.66167590830598 19.291927 20.502449 18.5798 19.19681 6.2953577 36.989613 2.1364834 6.5149064 12.553329 0.9491087 0.9654276 0.98051196 1265.1462 516.2745 190.23749 0.0 0.0 0.0 0.07693379 0.10000565 0.001807096 0.10804219 0.059196226 0.05922641 0.92857194 0.90911216 0.9524181 13.0 10.0 20.0 0.5200110431969971 True 1.3448706752657351 
12.20634474321199 -23.66525659950857 19.31348 21.068329 18.404087 18.819489 3.7382479 43.487595 1.0338123 5.2045283 12.026493 0.9591575 0.9723011 0.9844107 761.0481 395.0199 126.0042 0.0 0.0 0.0 0.044725925 0.030278467 0.043534953 0.10960899 0.010824453 0.012380505 0.80656856 0.94010776 0.97883654 10.0 10.0 20.0 0.511253362492609 True 1.2461883575192372 
11.65523796077942 -23.80327862171519 19.317646 20.670715 18.45487 18.747414 5.391548 41.500336 2.1262422 7.3933387 16.366314 0.953655 0.9685402 0.982279 1458.1106 593.4886 217.93797 0.0 0.0 0.0 0.0027757548 0.002247605 0.029815989 0.011563987 0.0054743574 0.004241105 0.9559596 0.9792394 0.96307206 11.0 8.0 17.0 0.500206082458434 True 1.383968524604187 
11.50251486113131 -24.23652015673434 19.318916 20.899551 18.406195 18.725513 4.3669605 43.403217 1.2544571 5.379108 12.468048 0.9150854 0.94197625 0.9671173 825.05396 401.80942 137.72713 0.0 0.0 0.0 0.0029466853 0.0021709008 0.06780961 0.24241228 0.08973491 0.03527348 0.90995467 0.8844414 0.6564232 10.0 8.0 19.0 0.5153159068390941 True 1.2128758132837336 
11.87185766161604 -23.65995847565729 19.321716 20.616665 18.504732 18.677277 5.666751 39.63756 2.103797 6.9339905 14.715554 0.9459266 0.963246 0.979272 1504.2013 604.7577 230.41429 0.0 0.0 0.0 0.08472053 0.11220136 0.009723049 0.00023455426 8.672264e-05 0.00016375358 0.9997808 0.9998122 0.9496623 12.0 9.0 19.0 0.5052656991254983 True 1.3824958221129462 
11.8384678287487 -23.69396083335884 19.32284 20.338596 18.511333 18.657969 7.320851 39.3973 1.415574 3.607741 7.617938 0.9460786 0.96335024 0.9793313 821.9824 364.19516 118.10545 0.0 0.0 0.0 0.09978265 0.11777887 0.025051096 0.058471262 0.034855645 0.06324733 0.909973 0.8795737 0.9258774 12.0 9.0 18.0 0.5052656991254983 True 1.369898665969664 
12.1354611571962 -23.68071257933322 19.346231 21.143185 18.395111 18.260288 3.4892032 43.848568 1.0864916 5.686012 13.653863 0.95963025 0.9726239 0.9845935 1037.8368 419.9205 154.28178 0.0 0.0 0.0 0.0040464564 0.0034573441 0.0046638977 0.0012210179 0.00031043688 9.161147e-05 0.7912138 0.999696 0.9454397 10.0 8.0 17.0 0.5226857811753911 True 1.2547534955863069 
11.5028772887866 -24.2381710549858 19.356293 19.82135 19.06343 18.091856 11.788544 23.6934 1.5489956 2.3772407 3.1132743 0.91463315 0.9416626 0.9669372 414.0654 219.69695 69.001656 0.0 0.0 0.0 0.021020055 0.01929771 0.02975691 0.0672767 0.11079712 0.12831552 0.89983165 0.787707 0.6357297 11.0 8.0 20.0 0.5153159068390941 True 1.21175455308951 
11.70723087852106 -23.81974897641421 19.385122 20.289822 18.756367 17.617771 7.6572204 31.437878 2.2044525 5.0720153 9.050714 0.95165026 0.9671682 0.98150045 1130.5785 515.9618 184.4932 0.0 0.0 0.0 0.0011590972 0.0008722882 0.0019729368 0.005559588 0.0048641404 0.004702262 1.0 1.0 0.9999997 11.0 8.0 18.0 0.528399313522776 True 1.340320492771869 
11.73037901823726 -23.76851452530811 19.401958 19.960043 19.018114 17.346687 10.374869 24.703253 3.0049477 5.0242453 7.1549797 0.9533087 0.96830326 0.9821446 808.96686 517.2597 194.61285 0.0 0.0 0.0 0.0019765731 0.0018511163 0.003211709 0.0019001638 0.0020078486 0.0007849628 0.6154259 0.72719425 0.85750157 8.0 8.0 18.0 0.528399313522776 True 1.366777620258624 
11.74220195184084 -23.82614148049952 19.40644 20.213945 18.848763 17.275213 8.211482 28.873222 2.258283 4.7509475 7.940577 0.9503474 0.9662761 0.9809939 1212.8834 558.84705 192.64064 0.0 0.0 0.0 0.024991218 0.0068822084 0.004182281 0.02202196 0.01012762 0.008598833 0.85722756 0.81919897 0.9069545 12.0 9.0 19.0 0.528399313522776 True 1.3148757105878182 
11.7978299510003 -23.75049097055297 19.407457 21.141857 18.410376 17.259071 3.4934711 43.23642 1.2008024 5.932419 14.86155 0.9489678 0.965331 0.9804571 1457.987 560.16504 69.75866 0.0 0.0 0.0 0.0010797342 0.0012630642 0.0014038816 0.044752385 0.013633745 0.011090637 0.9999176 0.9999233 0.99991345 13.0 10.0 11.0 0.524480255999249 True 1.344087994105294 
11.76321029548441 -23.9072587459308 19.414225 20.589062 18.556635 17.151806 5.8126674 37.78731 1.8668032 5.508495 12.135818 0.9482906 0.9648669 0.98019344 1547.04 708.262 197.83025 0.0 0.0 0.0 0.0026069905 0.0026151994 0.1688059 0.021533225 0.010660798 0.0028322733 0.9990033 0.99999577 0.76959634 14.0 11.0 25.0 0.580350110181328 True 1.2402248899536423 
11.76004646089135 -23.78694971797557 19.474293 21.029295 18.607643 16.228682 3.8750947 36.0531 1.2060151 5.0507245 11.220522 0.9512556 0.966898 0.9813471 1706.2806 738.1911 217.17284 0.0 0.0 0.0 0.068123855 0.002063912 0.006497747 0.037908394 0.016260011 0.012220236 0.99999994 1.0 0.9999988 14.0 11.0 21.0 0.524480255999249 True 1.33545419386576 
11.87303506239489 -23.68591869912401 19.48247 20.726757 18.738817 16.106895 5.120324 31.950172 1.5905457 5.003346 9.924803 0.94529325 0.96281147 0.97902495 1160.4185 477.29318 163.82205 0.0 0.0 0.0 0.09303564 0.13626401 0.025625575 0.003333503 0.00199695 0.0045384886 0.99701697 0.99473464 0.9959346 13.0 10.0 19.0 0.5052656991254983 True 1.359729176504001 
11.67377114827843 -23.88962225796759 19.484735 20.132002 19.087053 16.073317 8.855218 23.183477 1.1337835 2.0579572 2.968311 0.949229 0.96550995 0.9805588 337.29623 139.36823 45.998077 0.0 0.0 2048.0 0.11509707 0.12537797 0.12036576 0.04222034 0.038089234 0.010279588 0.8604907 0.7208693 0.86434954 11.0 7.0 17.0 0.5185368776572202 True 1.3083167846412076 
11.65867860433988 -23.78722551144398 19.512705 20.094679 19.097267 15.664561 9.164914 22.966429 2.8331382 4.842366 7.099583 0.9546858 0.9692453 0.98267895 1098.8643 533.17957 196.61029 0.0 0.0 0.0 0.0016039554 0.001203583 0.002209255 0.001008016 0.0077929487 0.015943289 0.91666657 0.8888888 0.94736826 11.0 8.0 18.0 0.500206082458434 True 1.394066086389173 
11.85560200218018 -23.83687459906577 19.52052 20.014034 19.18579 15.552223 9.871564 21.168207 0.8577767 1.3513902 1.8393838 0.9506577 0.9664886 0.9811146 251.96399 142.93604 40.75925 0.0 0.0 0.0 0.1170403 0.032350246 0.0433863 0.027706543 0.023078127 0.028259996 0.84540516 0.89923495 0.9062823 11.0 9.0 18.0 0.5715098600521158 True 1.2428196323023355 
11.61599402455558 -23.95305276309927 19.535307 20.766685 18.685684 15.341827 4.9354434 33.55263 1.1329525 3.5217829 7.702152 0.9506867 0.9665085 0.9811259 1103.95 432.88965 250.42519 0.0 0.0 0.0 0.0033429656 0.0028285827 0.0038044385 0.02644451 0.014314936 0.008349269 0.969451 0.90032554 0.9998657 12.0 8.0 29.0 0.5081025635255241 True 1.300636800231748 
11.51267190246662 -24.24021162705301 19.54143 21.152884 18.673033 15.255564 3.4581695 33.945858 1.33024 5.868296 13.057816 0.91598237 0.9425981 0.9674744 1107.3489 514.44257 196.73619 0.0 0.0 0.0 0.017550617 0.026892772 0.0069246404 0.09556994 0.029063027 0.026505262 0.91371524 0.88878137 0.9435777 10.0 8.0 20.0 0.5153159068390941 True 1.2029820494484191 
11.94815545051232 -23.72090149447757 19.553844 20.76496 18.802896 15.082111 4.9432883 30.119081 1.3220974 4.0337563 8.05544 0.9488436 0.96524584 0.9804088 1372.2451 600.4098 184.99077 0.0 0.0 0.0 0.10575366 0.10263003 0.005879636 0.020038638 0.01098956 0.0011710884 0.9991822 0.9986458 0.998709 14.0 11.0 21.0 0.5259812751638333 True 1.294286721545749 
11.97516743499237 -23.68966118872773 19.562593 20.638582 18.744486 14.96106 5.5535088 31.7838 1.2670913 3.4135225 7.251807 0.9506039 0.96645176 0.9810937 1054.5225 463.25494 68.985214 0.0 0.0 0.0 0.07922577 0.09758381 0.013589036 0.064266935 0.023065776 -0.0071709575 0.99472725 0.9949314 0.64415836 14.0 11.0 13.0 0.5200110431969971 True 1.309564664581134 
11.7509584960115 -23.92183025011494 19.575068 20.769157 18.849543 14.790158 4.924215 28.852455 1.45688 4.3758216 8.536298 0.94784963 0.9645646 0.98002166 1159.5901 532.7161 176.61304 0.0 0.0 0.0 0.0015854915 0.017004674 0.033265144 0.002837635 0.0008514075 0.0017708823 0.8682622 0.92061585 0.7467316 12.0 9.0 23.0 0.580350110181328 True 1.236680296224414 
12.00934448041744 -23.68786768178494 19.581732 21.045155 18.63594 14.699657 3.818896 35.125603 1.3757658 5.2955847 12.654077 0.9542532 0.9689494 0.9825111 1732.2585 667.7415 224.18361 0.0 0.0 0.0 0.002542966 0.028803654 0.005066091 0.00026554667 7.3850475e-05 0.0001181246 0.9313118 0.90316623 0.9102541 12.0 9.0 18.0 0.5287026230732748 True 1.2965733404492403 
11.70818763740933 -23.91878843410906 19.62017 20.328316 19.138632 14.188346 7.390499 22.107878 3.1851597 6.1148977 9.528061 0.94804215 0.9646966 0.9800967 1830.9846 958.4578 303.92337 0.0 0.0 0.0 0.002566252 0.0018094737 0.0037670392 0.0016648702 0.0007505544 0.0018033158 0.99955624 0.99966836 0.8067879 13.0 10.0 21.0 0.5463278708890382 True 1.2653784346503705 
11.75705018027989 -23.78393469575826 19.624483 21.426033 18.59417 14.132103 2.6889775 36.503296 0.70417684 3.7008488 9.559312 0.9514998 0.9670652 0.981442 1185.331 477.3178 128.57101 0.0 0.0 0.0 0.021122744 0.022327928 0.012063644 0.015268899 0.008539395 0.010258612 0.9784582 0.965086 0.9558124 14.0 11.0 20.0 0.524480255999249 True 1.339528894153119 
11.73922210532757 -23.91294231807888 19.624813 21.44976 18.549908 14.1278 2.6308503 38.02214 0.8138556 4.3704457 11.762179 0.94787776 0.96458393 0.9800326 1306.2264 579.06915 151.24754 0.0 0.0 0.0 0.010134829 0.008869234 0.03997379 0.034772232 0.010049013 0.018655699 0.8692741 0.90971214 0.910482 13.0 11.0 21.0 0.5530064224236964 True 1.2505021657314015 
11.5840143404591 -24.11129672920858 19.64004 21.433172 18.526213 13.931065 2.6713524 38.861053 0.70728356 3.6884737 10.289089 0.9382946 0.9580039 0.9762875 712.2147 238.17172 176.3942 0.0 0.0 0.0 0.020554539 0.021202188 0.021979284 0.12289468 0.0345617 0.011150164 0.7140945 0.5979181 0.90396786 8.0 5.0 26.0 0.515024358962131 True 1.2204391625357849 
11.69603974265319 -23.82449760565477 19.650724 21.381805 18.615944 13.794628 2.8007705 35.7785 0.7293975 3.5924995 9.317702 0.95175827 0.9672422 0.9815424 834.9596 339.97745 50.8377 0.0 0.0 16.0 0.047317393 0.0481661 0.2943482 0.027320651 0.015996408 0.011044564 0.91827166 0.8925985 0.94976467 11.0 8.0 18.0 0.525379119507378 True 1.3433474795825044 
11.63036264049198 -23.97283267799173 19.662094 20.84758 18.995384 13.650931 4.5810823 25.225882 1.7519119 5.2204323 9.646961 0.95001715 0.9660499 0.9808655 1560.4552 604.37354 361.4133 0.0 0.0 0.0 0.0029158986 0.0025343671 0.011753226 0.00033846163 0.00011074308 0.00020952213 0.99999714 0.9031268 0.99999994 12.0 8.0 29.0 0.5305277385766171 True 1.2774406325469336 
11.93507581807203 -23.68656307807217 19.663246 20.785284 18.996988 13.636466 4.8516197 25.188635 1.2191489 3.4266663 6.3295755 0.9474167 0.96426785 0.979853 1377.5266 598.44836 177.59851 0.0 0.0 0.0 0.083580285 0.09209944 0.0048832484 0.002151011 0.00080110756 0.001943489 0.9999017 0.9999149 0.9998415 14.0 11.0 20.0 0.5200110431969971 True 1.3301141452654388 
11.93442195883475 -23.73962538566282 19.679628 20.935728 18.88138 13.432242 4.223855 28.018713 1.5817978 5.0302606 10.49277 0.94850326 0.96501267 0.9802763 1756.0657 818.7212 248.36275 0.0 0.0 0.0 0.004572284 0.011760785 0.02373181 0.00047336784 7.125881e-05 9.670975e-05 0.9232408 0.9940802 0.9823163 12.0 10.0 20.0 0.5259812751638333 True 1.2844726768435313 
11.61937579281783 -23.79175558639909 19.680399 20.08809 19.414427 13.422727 9.220694 17.14862 3.5701942 5.197195 6.6398373 0.9534346 0.9683894 0.98219347 1311.2628 714.5226 267.83926 0.0 0.0 0.0 0.002247861 0.0016318333 0.0037311013 0.013289402 0.010684067 0.011135573 0.99858963 0.99921787 0.9991152 11.0 8.0 18.0 0.500206082458434 True 1.4144644893394716 
12.08231678397222 -23.69585970360846 19.704237 20.823896 19.08351 13.131225 4.6821074 23.259262 0.5707641 1.600739 2.8353796 0.95916533 0.97230643 0.98441374 281.29816 128.50089 36.047237 0.0 0.0 0.0 0.11666296 0.11969098 0.11994258 0.13173974 0.095697716 0.07343821 0.6926947 0.67754185 0.7076187 12.0 9.0 19.0 0.5526846751354313 True 1.2602004851926658 
11.92031047576804 -23.70757484650428 19.711464 21.372133 18.69258 13.044106 2.8258326 33.34023 0.77257186 3.5662086 9.115091 0.94689786 0.9639121 0.9796508 1009.0391 389.62207 134.87587 0.0 0.0 0.0 0.12309363 0.13794173 0.028870776 0.002416129 0.0008139511 0.00049835566 0.9229769 0.8999348 0.9499456 12.0 9.0 19.0 0.5259812751638333 True 1.31870215716463 
11.93714935881006 -23.72886641476371 19.713732 21.438715 18.785444 13.01689 2.657748 30.607094 0.87527806 4.2868614 10.079857 0.9483576 0.9649128 0.98021954 1256.9193 425.71466 164.81172 0.0 0.0 0.0 0.09217687 0.1618167 0.024043342 0.0159028 0.005545983 0.0057193195 0.8565351 0.89938664 0.94929135 12.0 9.0 19.0 0.5259812751638333 True 1.292471427151067 
11.64100515475702 -24.00097308783918 19.715353 21.044336 18.897951 12.997462 3.8217793 27.594316 1.0785676 3.668093 7.78756 0.94791025 0.9646062 0.9800453 823.5097 376.66827 207.4617 0.0 0.0 0.0 0.04522164 0.046403896 0.07546324 0.11115201 0.05255922 0.04842698 0.8317116 0.8852708 0.9575157 10.0 8.0 28.0 0.5305277385766171 True 1.2511009513404163 
11.79832368775804 -23.75763247329079 19.719692 20.33447 19.411537 12.945622 7.3487253 17.194323 1.5569614 2.742766 3.6429305 0.9490401 0.96538055 0.98048526 672.9285 338.34225 39.828682 0.0 0.0 0.0 0.0009939029 0.00093928486 0.03387639 1.0227263 1.0584264 1.7248826 0.9999044 0.9090887 0.43218732 13.0 10.0 12.0 0.524480255999249 True 1.3380065929654776 
11.88194382966599 -23.70504153140681 19.726307 20.312098 19.361591 12.866993 7.5017242 18.00377 2.136772 3.6650012 5.128148 0.94553024 0.9629741 0.9791174 923.5056 412.08575 173.85553 0.0 0.0 0.0 0.1100971 0.15953158 0.006617567 0.016141847 0.009734735 0.009301473 0.999803 0.8747873 0.94096464 10.0 7.0 16.0 0.5052656991254983 True 1.3391260441184707 
11.68255123708466 -23.96900716910442 19.737679 20.692091 19.216906 12.732936 5.286441 20.57017 0.79936147 1.9253442 3.1104105 0.94728166 0.9641752 0.97980034 741.20667 342.38367 153.94159 0.0 0.0 0.0 0.007670154 0.009805669 0.024731614 0.063916534 0.031205747 0.015485819 0.99981993 0.99986714 0.99975854 12.0 9.0 29.0 0.5305277385766171 True 1.2456014538684683 
11.63845772804081 -24.00343812202155 19.740992 20.407324 19.356352 12.694153 6.8717947 18.090862 1.652255 3.0521836 4.349769 0.94787425 0.9645815 0.98003125 816.3952 400.6213 250.12054 0.0 0.0 0.0 0.0009965866 0.0020202524 0.0025137018 0.03346396 0.03643988 0.045947857 0.9180959 0.87822026 0.9290833 9.0 7.0 26.0 0.5305277385766171 True 1.2511593862477752 
11.95662289592198 -23.75867682842384 19.74357 21.330046 18.860592 12.664026 2.9375243 28.560337 1.3119653 5.656043 12.755698 0.9513282 0.9669478 0.98137534 1603.9426 711.1133 130.39783 0.0 0.0 0.0 0.09484792 0.0035887214 0.065839 0.010429547 0.003150255 0.013589229 0.9991126 0.89717466 0.6897233 11.0 8.0 13.0 0.5517199785190856 True 1.2576632296848842 
11.6315621955298 -24.14387299310972 19.75276 20.559107 19.15196 12.557286 5.975265 21.838146 2.8387365 5.9657316 10.374894 0.93138635 0.9532469 0.9735729 1943.322 892.0301 131.64702 0.0 0.0 0.0 0.0040368605 0.0031645712 0.060226865 8.49372e-05 2.2795302e-05 0.00012383143 0.9990043 0.9992127 0.9167042 11.0 8.0 11.0 0.5369788413205479 True 1.1659833564083808 
11.63918117716138 -23.87700849384877 19.753832 21.394922 18.881031 12.544906 2.7671416 28.027687 1.19769 5.429758 12.131104 0.9496972 0.9658307 0.98074096 1801.4808 710.48505 252.50136 0.0 0.0 0.0 0.0038455827 0.0028768678 0.006957238 0.032896023 0.0063292235 0.005611449 0.9025584 0.8753422 0.95192885 11.0 8.0 18.0 0.5185368776572202 True 1.3393284477292149 
12.31194145516695 -23.65530357665292 19.756985 20.925539 19.02227 12.508525 4.263678 24.6089 1.016945 2.983453 5.869557 0.95557296 0.9698519 0.9830229 973.77313 436.01736 56.55188 0.0 0.0 0.0 0.01087034 0.0049706805 0.006165057 0.00033827024 0.00013307901 0.008402288 0.99998647 0.9999907 0.83331746 16.0 9.0 10.0 0.5038555615070338 True 1.2273310037656235 
11.67847619730075 -23.83125312756826 19.759169 20.816122 18.964558 12.483384 4.715754 25.952368 1.5476342 4.096845 8.517147 0.95174927 0.967236 0.98153895 1200.052 656.17816 204.0713 0.0 0.0 0.0 0.0012800304 0.0008909888 0.023280827 0.009855467 0.008236697 0.00794064 0.85453415 0.98659575 0.99984974 10.0 9.0 19.0 0.525379119507378 True 1.348798141103754 
11.59308068558171 -24.12431215858376 19.7594 20.382736 19.37874 12.480743 7.029188 17.721624 1.5913872 2.825603 4.012123 0.9364788 0.9567546 0.97557515 902.07056 408.6631 213.88727 0.0 0.0 0.0 0.0033981912 0.0035454568 0.0043098265 0.024802666 0.034911867 0.06947956 1.0 1.0 1.0 11.0 8.0 28.0 0.515024358962131 True 1.2059533884370912 
12.9858873327128 -24.04329109877648 19.760115 20.942984 19.064909 12.472528 4.1957192 23.66118 2.3728821 7.0538177 13.381542 0.9557768 0.96999127 0.9831019 2346.5537 1092.3514 605.7523 0.0 0.0 0.0 0.055757158 4.2380552e-07 0.078403875 0.034656633 0.02251 0.03676814 0.9333333 1.0 0.96551716 14.0 9.0 28.0 0.50583035951306 True 0.8535702336384006 
12.48476462250112 -23.84074404354032 19.764532 20.653461 19.153162 12.421878 5.4779186 21.814001 2.012267 4.5630717 8.013189 0.9604231 0.9731651 0.98489994 1589.3944 768.9396 112.55032 0.0 0.0 0.0 0.0028390598 0.0019292372 0.0035067017 0.005619572 0.0017398491 0.002043812 0.99999994 1.0 0.5898187 17.0 10.0 11.0 0.5848239271366733 True 1.0129965512064851 
12.71893996125305 -23.87919550868516 19.764742 20.67644 19.100138 12.41948 5.363208 22.905771 2.2987418 5.3231535 9.817716 0.9620439 0.97427106 0.98552585 1365.8014 611.2109 280.60956 0.0 0.0 0.0 0.012199143 0.07047961 0.005570709 0.030495362 0.021388229 0.0260103 0.92268074 0.9996802 0.940559 12.0 7.0 16.0 0.5214926021844914 True 0.9642324009569568 
12.5769340352625 -23.93640176956528 19.7663 20.876842 18.990433 12.401654 4.459259 25.3412 1.1651752 3.240471 6.6214895 0.9602166 0.9730242 0.9848201 1023.7556 600.99615 193.60197 0.0 0.0 0.0 0.0030860582 0.0039831735 0.027011622 0.024305452 0.0096816365 -0.0006508965 0.91181016 0.9999973 0.947364 10.0 9.0 18.0 0.6094262746914549 True 0.9080905176526364 
11.74108399532732 -23.97952408792715 19.768686 20.571747 19.211344 12.374432 5.906111 20.67582 3.2847304 6.8821387 11.499022 0.94572985 0.963111 0.97919524 2016.3569 1065.2032 648.44495 0.0 0.0 0.0 0.04731107 0.0018467457 0.03002971 0.0005984117 8.5604035e-05 0.0002897422 0.9164898 0.9630855 0.9655172 11.0 9.0 28.0 0.5684783431561711 True 1.200395075025757 
12.1127190906334 -23.73237659022125 19.76976 20.999163 18.986156 12.362199 3.9841416 25.441206 0.8534662 2.6481788 5.4499097 0.9566012 0.97055477 0.9834213 685.0484 320.80096 106.59634 0.0 0.0 0.0 0.020095412 0.025041202 0.024189554 0.07160502 0.03111144 0.014188858 0.9970393 0.8868507 0.9967191 10.0 8.0 18.0 0.5526846751354313 True 1.215394094910942 
11.6277399816544 -24.12456606885088 19.770662 21.380617 18.924332 12.351946 2.8038402 26.931925 1.2502279 5.5077133 12.008903 0.9347999 0.9555989 0.9749158 2006.0133 735.27124 246.5927 0.0 0.0 0.0 0.014828702 0.0007602662 0.06447059 0.04634719 0.010119859 0.0075172437 0.9999999 0.9999998 0.8909165 11.0 8.0 19.0 0.5369788413205479 True 1.1805203691102526 
12.86390156084049 -24.07383489513035 19.7722 20.984072 18.780167 12.334452 4.0399055 30.756224 1.7162718 5.2400413 13.066156 0.9568342 0.97071403 0.98351157 1933.2188 898.94055 114.76408 0.0 0.0 0.0 0.0037220318 0.0017056327 0.0029840148 0.012016588 0.0028059185 0.017797418 0.9285714 0.9 0.47390756 13.0 9.0 9.0 0.5363598905075868 True 0.7911132541083197 
12.56267958488627 -23.9036086137693 19.77856 21.509838 18.896555 12.262406 2.4892273 27.629795 0.67455894 3.3230054 7.4874344 0.96159285 0.9739634 0.98535174 1347.1278 567.7991 168.55928 0.0 0.0 0.0 0.037269074 0.0028685655 0.010739921 0.00015558967 2.4979076e-05 0.00017760272 0.9966411 0.97765714 0.9462009 16.0 10.0 18.0 0.6094262746914549 True 0.9418679287705444 
12.41449212185368 -23.9914209926332 19.78106 21.381464 18.931185 12.234222 2.8016558 26.762463 1.1425443 4.9892426 10.91401 0.95305485 0.9681296 0.98204607 1576.302 717.25397 231.97249 0.0 0.0 0.0 0.0016216909 0.0015130575 0.0030621607 0.010314636 0.0050400165 0.0037625437 0.99564415 0.99286455 0.9122589 10.0 9.0 17.0 0.6871060915071022 True 0.8782354108111269 
12.41090204482104 -23.77331630844757 19.781464 20.167778 19.489021 12.229656 8.568178 16.010017 0.99077725 1.4141705 1.8513108 0.95857173 0.97190106 0.98418415 508.65475 267.67975 74.42371 0.0 0.0 0.0 0.014136208 0.011722778 0.017421106 0.02352558 0.015524749 0.0056980117 0.997599 0.99993336 0.99943787 12.0 9.0 18.0 0.5479055853714667 True 1.0915009476556763 
11.59632035256183 -24.23486524961864 19.782778 21.094702 18.841335 12.214869 3.6485445 29.07138 0.96036816 3.2151923 7.652155 0.9260622 0.94957286 0.9714722 1035.8356 548.80115 173.26256 0.0 0.0 0.0 0.00375207 0.0056935884 0.12759505 0.00984149 0.004528823 0.00786072 0.87807214 0.8995248 0.7134999 11.0 9.0 21.0 0.5488559829090784 True 1.1404355790697709 
11.66558141523188 -24.05331503216035 19.786657 20.749508 19.00216 12.171309 5.0141406 25.06897 1.81999 4.417838 9.09932 0.9417039 0.9603473 0.97762257 1589.5769 627.55597 259.4989 0.0 0.0 0.0 0.00041358444 0.0008539332 0.05648073 0.046994407 0.24746917 0.15605818 0.9000821 0.8751328 0.6971222 11.0 7.0 20.0 0.5357417608550801 True 1.1992582224645565 
11.87404046053368 -23.73315813414741 19.7885 20.519794 19.281898 12.150657 6.1955805 19.374939 1.2847613 2.51965 4.01773 0.94560957 0.9630285 0.9791483 869.3836 390.51984 137.71425 0.0 0.0 0.0 0.09296446 0.12783162 0.004806142 0.0040238355 0.0017035833 0.0026867278 0.99951214 0.9887576 0.9999142 11.0 8.0 18.0 0.5388375676842905 True 1.31917114559102 
11.92595334622369 -23.7245782001733 19.790873 20.772871 19.13796 12.124137 4.9073987 22.121578 1.7560402 4.3384438 7.915881 0.9475986 0.96439254 0.97992384 1818.2073 695.4136 251.967 0.0 0.0 0.0 0.08114024 0.11442769 0.005732148 0.00866779 0.0065674023 0.0044554006 0.9286172 0.8993593 0.9488411 13.0 9.0 19.0 0.5259812751638333 True 1.301404925243329 
12.37543783408329 -23.81828956397116 19.793095 20.363394 19.361027 12.099343 7.155545 18.013145 1.465256 2.477608 3.6885898 0.95781595 0.9713848 0.98389167 1130.5403 527.3048 157.88196 0.0 0.0 0.0 0.0017188712 0.0010308608 0.00634473 0.00897423 0.00578292 0.009156368 0.92856336 0.9999923 0.9999844 13.0 9.0 18.0 0.575232568380561 True 1.0549051347131388 
12.18071970360616 -23.93662089679923 19.793365 20.713737 19.2117 12.096345 5.182091 20.669004 1.2983607 3.0307107 5.1785703 0.95424354 0.9689428 0.9825074 1255.1168 636.739 193.40697 0.0 0.0 0.0 0.03232514 0.0010812556 0.012430825 0.019155048 0.012919237 0.011091362 0.9034165 0.89087397 0.9469365 11.0 9.0 18.0 0.6803241396856472 True 1.0036010530394617 
12.99659081677183 -24.14678271245295 19.798815 20.952166 19.09764 12.035772 4.1603904 22.958527 2.083806 6.028332 11.499189 0.9540382 0.96880233 0.9824277 1926.0526 910.14386 559.6729 0.0 0.0 0.0 0.0006782161 0.0005166597 0.049271774 0.018894557 0.011880562 0.021652717 0.99999464 0.99999493 0.9998516 13.0 8.0 28.0 0.5341997461902139 True 0.7615011625593068 
12.30910443335241 -23.82465819721361 19.805546 20.965763 19.042091 11.961395 4.108607 24.163689 1.8747425 5.4579415 11.025804 0.95314795 0.9681933 0.9820822 1715.8077 648.34125 278.78912 0.0 0.0 0.0 0.004654627 0.0040646433 0.009990951 1.417599e-05 3.5549845e-05 1.1941485e-05 0.9999804 0.87602335 0.99995166 11.0 7.0 18.0 0.6043185572698981 True 1.0651620150001972 
12.50085996342621 -23.84122215915646 19.805843 20.566126 19.236897 11.958117 5.9367657 20.19487 1.7082525 3.440844 5.810898 0.9611029 0.97362906 0.9851625 1378.6914 662.35236 208.90369 0.0 0.0 0.0 0.003608567 0.0020467206 0.0033778835 0.0006648407 0.00030218324 0.0005795133 0.94117653 0.9 0.8947873 16.0 9.0 17.0 0.5848239271366733 True 1.0103615482366453 
12.00238874217842 -23.94482705017988 19.806213 20.786777 19.04114 11.954039 4.84495 24.18489 1.9433038 4.7947507 9.700531 0.9486968 0.96514523 0.9803516 1195.7079 521.359 203.92566 0.0 0.0 0.0 0.0013203498 0.0011388877 0.031637717 0.008776887 0.0025719106 0.0014832085 0.69174975 0.6771616 0.84312445 8.0 6.0 16.0 0.6483889908502459 True 1.0771883536454052 
12.40827202253784 -23.90197932631866 19.806883 20.698555 19.198147 11.94666 5.2550664 20.928638 2.3747203 5.3985953 9.457476 0.95717865 0.9709494 0.98364496 1844.1603 968.0437 307.21066 0.0 0.0 0.0 0.0010161307 0.0007226006 0.015113128 0.0066779265 0.0039407862 0.00454983 0.9219337 0.96839476 0.95660895 13.0 10.0 19.0 0.6116370212003426 True 0.9664341193257612 
11.79508076414562 -24.09267729017019 19.807251 21.553644 18.8411 11.942613 2.3907955 29.077656 0.9793238 4.8919635 11.910864 0.9366326 0.9568605 0.9756355 1469.317 657.1593 382.2338 0.0 0.0 0.0 0.0043732673 0.0034605397 0.02639857 0.016303131 0.0033256344 0.004699669 0.8041067 0.7999223 0.9362288 10.0 8.0 29.0 0.5978374280316232 True 1.0851604448951642 
11.88640411080307 -23.95379765606445 19.810722 20.396425 19.400553 11.904503 6.9411283 17.369154 3.017217 5.1747303 7.550142 0.94954973 0.9657297 0.9806836 1708.777 902.9893 313.80197 0.0 0.0 0.0 0.022519441 0.0013930833 0.020672634 0.0006356121 0.00022223651 0.000842438 1.0 1.0 1.0000001 12.0 9.0 19.0 0.6262895630482435 True 1.1322497104960656 
11.74127881654511 -24.00951698373638 19.814003 20.80739 19.254356 11.868583 4.753834 19.872742 1.6285166 4.0658097 6.8077874 0.94449914 0.96226656 0.97871494 1071.7573 597.56714 366.95264 0.0 0.0 0.0 0.001338817 0.0008795663 0.0123524 0.0018763924 0.00053253124 0.0015922615 0.6924502 0.76483417 0.9310345 9.0 8.0 27.0 0.5946345136415474 True 1.1787745076109757 
12.98836311823314 -24.08745811467491 19.8141 21.013634 19.092499 11.86752 3.931394 23.06748 1.7506826 5.284706 10.272141 0.95724624 0.9709956 0.9836711 1711.4801 825.4277 113.60286 0.0 0.0 0.0 0.005503031 0.0010073541 0.00055211113 0.046897825 0.030098138 0.029882735 0.9230068 0.9999788 0.89934266 12.0 8.0 9.0 0.5032920561289242 True 0.8132133410941328 
11.59302207579575 -23.92577538812582 19.816648 20.967823 18.969524 11.83969 4.1008177 25.833908 0.9724711 2.8076735 6.126273 0.9503298 0.966264 0.9809871 1149.5796 513.8397 240.52628 0.0 0.0 0.0 0.0038195886 0.0037985614 0.034516376 0.017490152 0.01197718 0.011877775 0.9996133 0.9998687 0.9989808 12.0 9.0 29.0 0.5081025635255241 True 1.3347638830144908 
11.81788785420981 -23.85618901967126 19.818108 21.062319 19.119799 11.823806 3.7589993 22.494713 0.80727184 2.5392466 4.8308997 0.95013356 0.9661296 0.9809108 1076.9727 492.461 129.10938 0.0 0.0 0.0 0.06810946 0.002468036 0.058223426 0.036825743 0.014537683 0.0014914945 0.9995568 0.99965525 0.9471658 13.0 10.0 19.0 0.5806929405832908 True 1.2480543041987613 
11.98759634929038 -23.91988995427769 19.820478 21.488518 18.902523 11.798002 2.5385907 27.478369 0.8309809 3.8619516 8.994755 0.9500353 0.9660623 0.9808726 1412.0895 621.03217 69.21044 0.0 0.0 0.0 0.035339966 0.0011370564 0.02917793 0.011341441 0.004335685 0.0028954507 0.9236021 0.8999984 0.76923746 12.0 9.0 10.0 0.618339912398965 True 1.10550689781295 
12.08545411792567 -23.78856313841161 19.820532 21.204512 18.906452 11.797417 3.29758 27.3791 1.0630792 3.8032703 8.826519 0.9552152 0.9696073 0.9828842 1518.3087 609.49164 204.68523 0.0 0.0 0.0 0.0036960973 0.011631224 0.012533698 0.036816332 0.016914994 0.009255109 0.99996006 0.999966 0.99994135 11.0 8.0 18.0 0.5925106162684558 True 1.1751022769285722 
12.98399596665507 -24.10559524446074 19.828136 21.550257 18.559187 11.715095 2.398264 37.69858 0.62526184 3.0542934 9.828562 0.9573589 0.97107255 0.98371476 726.2199 327.3886 118.68083 0.0 0.0 0.0 0.017505605 0.019159034 0.072225854 0.9888718 0.2507421 2.0729485 0.7998227 0.8012765 0.52781814 12.0 8.0 21.0 0.5032920561289242 True 0.7948911820596818 
12.64657168474393 -24.0054596654641 19.8306 21.265762 19.033188 11.688525 3.1166997 24.362658 1.0045828 3.767476 7.852636 0.95610243 0.9702139 0.9832281 1418.6409 651.1055 215.90085 0.0 0.0 0.0 0.003324489 0.0023793422 0.012176739 0.0010141549 0.0023273784 0.0002663535 0.94573754 0.8999867 0.99869686 14.0 9.0 19.0 0.622489773837781 True 0.836245046078004 
11.87032774480871 -23.81040502021504 19.833279 20.916742 18.901527 11.659721 4.298365 27.503574 1.0127913 2.747292 6.480459 0.95000476 0.9660414 0.98086065 1248.4326 543.7038 158.61623 0.0 0.0 0.0 0.015105883 0.031049494 0.020073961 0.0090047475 0.005159475 0.0048535354 0.9345357 0.8978341 0.9426304 12.0 9.0 19.0 0.5595162743431372 True 1.2566549585772293 
12.34843224731842 -23.75504423664055 19.836481 21.09332 19.027264 11.625389 3.6531844 24.495964 1.2032253 3.8289773 8.068073 0.95567834 0.9699239 0.98306376 1726.8901 643.58136 75.532715 0.0 0.0 0.0 0.00731069 0.0052935765 0.018741187 0.04242365 0.013611174 0.004096095 0.9421548 0.82087487 0.52894366 16.0 9.0 10.0 0.5247795812915286 True 1.122322401868135 
12.84450103994427 -24.05035907793998 19.839104 20.481976 19.377007 11.597348 6.415193 17.749952 2.8757899 5.1988363 7.956913 0.95665544 0.97059184 0.9834423 1516.4553 924.3258 318.79626 0.0 0.0 0.0 0.0032822317 0.002338426 0.020569587 0.032919437 0.024823591 0.01773092 0.98602533 0.9986608 0.9995848 13.0 9.0 18.0 0.5363598905075868 True 0.8099616966489677 
12.51976465541302 -23.84465247487258 19.840462 21.050196 18.988047 11.582852 3.801206 25.396935 1.3443549 4.0964537 8.982016 0.9616697 0.97401583 0.98538136 1399.9019 639.17993 205.35062 0.0 0.0 0.0 0.030942824 0.03337033 0.026350863 0.027570998 0.014536193 0.009196831 0.9994092 0.9995165 0.99941057 17.0 10.0 19.0 0.5848239271366733 True 1.0046856509839706 
12.60043064924776 -23.82401096204129 19.840626 20.737953 19.262148 11.5811 5.067787 19.730625 1.1857953 2.7098243 4.616706 0.9661732 0.977086 0.9871176 949.7632 494.61768 153.59837 0.0 0.0 0.0 0.0073166452 0.013520719 0.010565821 0.0461674 0.021132676 0.011776377 0.99960804 0.9997326 0.999471 14.0 9.0 18.0 0.5106783612645429 True 1.0188907878956286 
11.86086707000542 -23.98660372460298 19.84135 21.213266 18.963575 11.57336 3.2711 25.975845 0.9396733 3.324624 7.461957 0.94838554 0.96493196 0.9802304 1118.9117 471.34598 153.89876 0.0 0.0 0.0 0.006060497 0.0051562604 0.0065018144 0.03390498 0.017919565 0.023906987 0.9158188 0.88826007 0.9462311 11.0 8.0 18.0 0.6297245434151433 True 1.1215534051606797 
11.77742495025162 -23.98375044596709 19.842657 20.771334 19.223244 11.559458 4.9143543 20.45043 1.8391502 4.326017 7.653378 0.946728 0.9637956 0.9795845 1628.5447 738.9415 429.13715 0.0 0.0 0.0 0.003594409 0.0026657654 0.035482693 0.0064408137 0.0038321035 0.0080020195 0.9993681 0.9995211 0.9990174 11.0 8.0 28.0 0.5946345136415474 True 1.1744234858497449 
12.35428588967748 -23.94367640696695 19.844383 21.735357 18.70471 11.54108 2.0223525 32.969803 0.6177211 3.525186 10.07052 0.9549172 0.9694035 0.98276865 991.77484 361.8974 137.35933 0.0 0.0 0.0 0.018169474 0.060928226 0.018394785 0.06397088 0.0460908 0.015023556 0.81014395 0.77591574 0.9051693 10.0 7.0 16.0 0.6686295163029656 True 0.9391723306945996 
11.98668794437809 -23.8048191007588 19.845572 20.75264 19.302217 11.528459 4.999706 19.01572 1.2856922 2.9645844 4.889961 0.9537589 0.9686113 0.98231936 1260.5516 568.01074 169.5547 0.0 0.0 0.0 0.002345389 0.0018534956 0.036135048 0.0020543083 0.00089363306 0.002421205 0.9999066 0.9999248 0.98889005 12.0 9.0 19.0 0.5779561296698736 True 1.2038291659484452 
11.74054755667116 -24.11426048191938 19.845768 20.853039 19.143929 11.526373 4.5581098 22.000305 1.8512511 4.6813726 8.935303 0.9318521 0.953568 0.9737563 2029.79 966.1007 480.83835 0.0 0.0 0.0 0.017805288 0.0089992145 0.0022318843 0.0016266272 0.0005553235 0.0010267405 0.9999804 0.9999643 0.99968094 13.0 10.0 31.0 0.5772737863270757 True 1.1073088370715014 
12.07496453814549 -23.9613813515306 19.848799 21.705008 18.855755 11.49425 2.0796828 28.68786 0.7053991 3.8986876 9.730517 0.9500385 0.9660645 0.98087376 1204.9219 510.98145 184.3029 0.0 0.0 0.0 0.0056652175 0.005150172 0.025132043 1.362899 0.11473224 0.024057727 0.678359 0.7748549 0.93008065 8.0 7.0 18.0 0.664917961826583 True 1.027662165386606 
12.8570263421134 -23.99991161453787 19.848827 20.467424 19.4574 11.493937 6.501745 16.483158 1.8674045 3.3012414 4.734225 0.95666224 0.9705965 0.983445 1146.8711 625.8998 199.09576 0.0 0.0 0.0 0.004256157 0.0021020926 0.0038798316 0.0031981694 0.006210784 0.0099112345 0.99970675 0.99975914 0.9996001 14.0 9.0 18.0 0.5338921573492642 True 0.8617035162355359 
12.29737050845511 -23.88914065077954 19.854733 21.286951 18.985853 11.431597 3.0564637 25.448313 0.88202965 3.2989128 7.3438354 0.9550526 0.96949613 0.98282117 1240.9585 522.22473 169.72038 0.0 0.0 0.0 0.0034417105 0.0027483588 0.046004068 0.0018431438 0.003430908 0.0017292001 0.91665477 0.7999856 0.94733083 11.0 8.0 18.0 0.6343409237531633 True 1.0071623175783562 
11.88425605883876 -24.02266345149747 19.85578 21.065853 19.086065 11.420574 3.746782 23.204578 1.0190142 3.1060596 6.3109612 0.9465747 0.96369046 0.9795248 1388.5471 675.3895 187.46303 0.0 0.0 0.0 0.059821334 0.0017403157 0.036999397 0.0001597715 4.3769167e-05 0.00013306057 0.99909353 0.9989478 0.99398535 13.0 10.0 21.0 0.6297245434151433 True 1.0801277172770765 
12.94585928385405 -24.16819020790117 19.858095 20.204855 19.72928 11.396255 8.280528 12.831806 3.5992846 4.9535923 5.5775814 0.9530722 0.96814144 0.9820528 1483.054 926.03467 504.23438 0.0 0.0 0.0 0.0017370731 0.0013213292 0.008924132 0.0829952 0.05314921 0.07796881 0.93320006 0.999876 0.9652993 14.0 9.0 28.0 0.5800074256826677 True 0.7237899473058409 
11.82839978415584 -23.81934020068532 19.858128 21.791248 18.69865 11.395908 1.9208817 33.154327 0.70708704 4.1948957 12.204288 0.94956154 0.96573776 0.9806882 1839.8939 635.2692 194.24364 0.0 0.0 0.0 0.009340712 0.0074022366 0.02985658 0.010982966 0.009228 0.0070646713 0.99956584 0.9188788 0.9511644 13.0 9.0 19.0 0.5504436857103014 True 1.2717379765834855 
12.0569049580807 -23.63088164009208 19.859428 21.249819 19.017067 11.382273 3.1628034 24.727081 0.6166376 2.2191505 4.8209276 0.959446 0.97249806 0.9845222 716.31146 321.6449 89.22666 0.0 0.0 0.0 0.029538156 0.027502857 0.03740952 0.08620439 0.063537665 0.037075233 0.93034995 0.9218487 0.95761186 12.0 9.0 19.0 0.5044194318297868 True 1.3290927224458962 
12.42376539334489 -23.85866604155157 19.86459 21.098812 19.028057 11.328278 3.6347537 24.47806 1.294264 4.033776 8.716154 0.9586034 0.9719227 0.98419636 1351.2803 660.4202 231.45352 0.0 0.0 0.0 0.0024903936 0.0017946017 0.016114293 0.03447785 0.018518414 0.0069961445 0.9230677 0.8889032 0.9475903 12.0 8.0 18.0 0.5953444924720075 True 1.0055381650862498 
11.92369290066687 -23.97262129615952 19.864662 20.837757 19.303383 11.327524 4.6227136 18.995337 0.99359214 2.4347038 4.082801 0.9485889 0.9650713 0.9803096 906.92566 425.40665 130.22336 0.0 0.0 0.0 0.03650267 0.004025881 0.02140791 0.019137368 0.008150992 0.011171142 0.9996604 0.9997581 0.99952394 11.0 8.0 18.0 0.6262895630482435 True 1.096385801312645 
12.25593058960188 -23.77795533967103 19.865042 20.310434 19.563519 11.323561 7.513221 14.948337 3.533788 5.325953 7.03084 0.95091206 0.9666628 0.9812135 1352.4926 797.462 321.65515 0.0 0.0 0.0 0.0029263543 0.0021459688 0.004987829 0.0007193226 6.7865694e-05 0.0002251251 0.8194761 0.99953645 0.94363385 9.0 7.0 17.0 0.586907759729316 True 1.124727769653026 
12.37471848766402 -23.77853561529291 19.869589 20.57173 19.387737 11.27625 5.906204 17.575382 1.2552468 2.3965435 3.7352993 0.95758754 0.9712288 0.9838033 1010.6397 481.33813 136.81526 0.0 0.0 0.0 0.004220145 0.0031194722 0.01940406 0.01897894 0.0073544076 -0.0013065607 0.8647438 0.900006 0.9487296 13.0 9.0 18.0 0.5479055853714667 True 1.0936861881833804 
12.07226727526974 -23.65448788854526 19.870699 20.42901 19.5131 11.264726 6.735902 15.658864 3.2627861 5.456492 7.584957 0.9605851 0.9732757 0.9849625 1925.7842 1020.2162 359.31464 0.0 0.0 0.0 0.0029065288 0.0021471593 0.0059501627 0.0058508203 0.004913771 0.0072850427 0.9999335 0.99994403 0.9998778 12.0 9.0 19.0 0.5044194318297868 True 1.301747205058969 
12.68813420934601 -23.8816601387459 19.871134 20.688269 19.29903 11.260211 5.305091 19.071632 1.9701473 4.1816955 7.0826163 0.9619841 0.9742303 0.9855028 1168.0966 569.1316 251.80952 0.0 0.0 0.0 0.0013789171 0.0010450342 0.0022161633 0.007314264 0.0018568982 0.00608382 0.91717726 0.8570934 0.938862 11.0 6.0 15.0 0.5214926021844914 True 0.9604780229062212 
12.6790274137262 -23.83787975675801 19.871231 20.24847 19.571894 11.259204 7.954479 14.833464 2.9491045 4.1743236 5.4994717 0.96360105 0.9753331 0.9861266 882.60004 575.1707 239.53423 0.0 0.0 0.0 0.0029049048 0.0022098266 0.0041239546 0.0013876213 0.0008260766 0.002028666 0.99999976 1.0 0.9998575 11.0 7.0 16.0 0.5167760927226603 True 1.0040231538699929 
12.48449757074177 -23.84792622438552 19.875973 20.97924 19.229567 11.210145 4.0579205 20.331701 0.93378675 2.579618 4.678621 0.96002984 0.9728967 0.98474795 1192.5287 554.5908 71.61678 0.0 0.0 0.0 0.008710045 0.0009615413 0.0062800557 0.062196646 0.042831056 0.061920017 0.99999976 1.0 0.5531522 17.0 10.0 11.0 0.5848239271366733 True 1.0059371297752628 
12.72676359384735 -23.95611096927294 19.879587 21.290043 18.95401 11.172876 3.0477762 26.205719 0.73710275 2.702153 6.3378363 0.9587335 0.9720115 0.9842467 1177.5824 479.43817 158.31448 0.0 0.0 0.0 0.002189887 0.03487543 0.0030659032 0.043003492 0.018107362 0.0063518286 0.96521205 0.93456334 0.99936926 14.0 9.0 18.0 0.576592184318411 True 0.8879648897814634 
12.54216089254886 -23.9737008810091 19.879742 20.611977 19.361158 11.171298 5.6912737 18.010954 1.6345705 3.2084684 5.1728616 0.9587385 0.97201496 0.98424864 1160.1865 638.2017 195.03548 0.0 0.0 0.0 0.011510919 0.008574631 0.0063979374 0.060019515 0.04952118 0.041206 0.9358721 0.99853045 0.894479 9.0 8.0 15.0 0.6444534826519697 True 0.8740949648140794 
11.55886509973071 -23.92824294106435 19.880457 21.413544 19.027496 11.163925 2.720087 24.4907 1.0790259 4.428595 9.715167 0.950349 0.9662772 0.9809945 1696.1288 761.2194 381.13007 0.0 0.0 0.0 0.002733957 0.0022773943 0.045745622 0.32525948 0.0953675 0.07630724 0.9089082 0.8998341 0.9663206 10.0 9.0 29.0 0.5081025635255241 True 1.3559670856179722 
12.14492838740622 -23.9340502212939 19.882786 21.001356 19.075539 11.140013 3.9760993 23.430649 1.1215742 3.142364 6.6092944 0.9540265 0.96879435 0.9824232 931.376 576.4979 83.98632 0.0 0.0 0.0 0.018374259 0.001923776 0.010944022 0.0027632222 0.00097131525 0.054469272 0.7996066 0.88839173 0.5600672 8.0 8.0 10.0 0.6551777079020533 True 1.020455670737131 
12.35651109080345 -23.7982512122346 19.8828 20.333506 19.548512 11.13988 7.3552537 15.156373 0.9486583 1.436788 1.9548229 0.95661783 0.97056615 0.98342776 697.5125 296.0633 88.36214 0.0 0.0 0.0 0.00434383 0.0031578867 0.006290592 0.06571162 0.034493677 0.01904072 0.92304325 0.88887036 0.94439447 12.0 8.0 17.0 0.575232568380561 True 1.0786227897084608 
11.68833708887479 -24.14607956282782 19.884712 20.74595 19.336763 11.120273 5.030599 18.4202 0.921629 2.0372853 3.3746657 0.9208421 0.945964 0.96940523 872.17554 379.722 194.58022 0.0 0.0 0.0 0.00396854 0.0030750472 0.010539534 0.034771066 0.029340757 0.018057983 0.99995166 0.99996346 0.99993837 11.0 8.0 28.0 0.5572163617866125 True 1.1235249703199914 
12.69720633085758 -23.90132289187002 19.886042 20.506212 19.482027 11.106656 6.273576 16.113483 2.6765387 4.7385087 6.8746057 0.96087366 0.9734726 0.985074 1473.4763 803.731 300.8428 0.0 0.0 0.0 0.0038151892 0.002839368 0.0056563765 3.214591e-05 1.0537777e-05 6.0523627e-05 0.99383366 0.9948754 0.9995216 13.0 8.0 17.0 0.5214926021844914 True 0.9411265718300614 
12.42577275744392 -23.82140798358659 19.88842 20.7895 19.25736 11.082356 4.832815 19.817806 2.1576698 4.9478545 8.847903 0.95938087 0.9724536 0.9844971 2145.9753 971.9702 321.52582 0.0 0.0 0.0 0.009325853 0.001654882 0.004091926 0.018841684 0.0085924575 0.013447369 0.999984 0.99998724 0.99997205 15.0 9.0 18.0 0.5648109611211319 True 1.0416314132223246 
11.80301609612992 -23.76950446113964 19.889782 21.304289 19.042242 11.068459 3.008046 24.160353 0.9588341 3.5281427 7.7012687 0.9489711 0.9653332 0.9804584 1178.447 606.79333 78.96849 0.0 0.0 0.0 0.0029731833 0.002482631 0.036282875 0.0043073846 0.00193518 0.0005931667 0.5729961 0.7272714 0.5264425 8.0 8.0 10.0 0.524480255999249 True 1.3258333034935454 
13.00155895234815 -24.06311106747937 19.890335 21.118505 19.168165 11.062817 3.5694196 21.514614 1.3969703 4.3296747 8.420214 0.95671785 0.97063446 0.9834665 1329.2465 614.5002 343.34888 0.0 0.0 0.0 0.0095174415 3.538562e-05 0.0414157 0.038610544 0.026582522 0.030218832 0.86697096 0.80033475 0.9645453 13.0 8.0 27.0 0.5032920561289242 True 0.8403240437180292 
12.80415560943985 -23.94745779287919 19.892572 21.155172 19.164745 11.040057 3.4508867 21.582514 1.6432159 5.256967 10.276991 0.9593741 0.972449 0.98449445 1755.2135 799.514 339.29178 0.0 0.0 0.0 0.0014834851 0.0013072046 0.0022493887 0.0060936143 0.0028929564 0.00811578 0.7280212 0.70001495 0.889103 11.0 7.0 16.0 0.531137530626815 True 0.9045064400125667 
13.01330823801124 -24.09018239544575 19.893105 21.38533 19.117819 11.034639 2.7916944 22.535755 1.3945848 5.51233 11.257687 0.95729864 0.97103137 0.98369145 1791.1965 786.7521 102.61962 0.0 0.0 0.0 0.036179688 0.04767122 0.003602861 0.00331221 0.001229274 0.0012953597 0.9999988 0.9999982 0.9999975 11.0 7.0 7.0 0.5032920561289242 True 0.8194993508266866 
11.89439356850508 -23.70676169126418 19.893917 21.070534 19.035305 11.026382 3.7306697 24.315222 1.3595626 4.0183287 8.861161 0.94578135 0.9631463 0.9792154 1211.049 623.4507 236.08698 0.0 0.0 0.0 0.12675518 0.13689467 0.012641941 0.0034599777 0.00010006446 0.00010041086 0.80741686 0.99630445 0.9512928 8.0 8.0 17.0 0.5259812751638333 True 1.331662736172774 
12.98083661252595 -24.20079575323217 19.894419 20.89712 19.236914 11.021301 4.376754 20.19457 2.1578076 5.4336724 9.956236 0.94752574 0.9643426 0.9798955 1293.7537 753.6796 503.3611 0.0 0.0 0.0 0.0016870914 0.001218418 0.016601877 0.011459352 0.008327742 0.018873213 0.84625787 0.875 0.93067175 11.0 7.0 26.0 0.5786389418111395 True 0.7063372303705605 
12.07817734841514 -23.79635144443788 19.89513 21.287395 18.945894 11.014066 3.0552154 26.402319 0.76381063 2.753541 6.600639 0.9554841 0.9697912 0.9829885 947.0933 374.35693 126.82388 0.0 0.0 0.0 0.015140609 0.014096478 0.015806342 0.01944717 0.01367095 0.0072508985 0.834352 0.7809666 0.8962747 10.0 7.0 17.0 0.5925106162684558 True 1.171100508106088 
12.91862377378436 -24.09014697534674 19.895298 20.591387 19.442019 11.012368 5.8002295 16.718306 1.8542258 3.5204499 5.344532 0.95764804 0.9712701 0.9838267 1137.1936 631.32214 203.80766 0.0 0.0 0.0 0.001915643 0.0017282511 0.036551956 0.0010163946 0.0004249664 0.0012191165 1.0 0.99999994 0.9998412 11.0 8.0 17.0 0.5385274843819343 True 0.7890466083312075 
12.05302796491726 -23.84062368540917 19.899916 20.63075 19.47228 10.965629 5.593712 16.258772 1.8629044 3.651943 5.414747 0.9544253 0.9690671 0.98257786 991.9063 467.66425 198.12614 0.0 0.0 0.0 0.0027137308 0.0023891586 0.0034814747 0.002154931 0.0015006067 0.0023386967 0.94997764 0.86010754 0.93750006 9.0 6.0 15.0 0.6025073129830478 True 1.142585763293131 
12.73786750422954 -24.0553127992925 19.902515 20.913677 19.215172 10.939407 4.3105145 20.603033 2.0452118 5.190426 9.775531 0.9557114 0.96994656 0.9830766 1443.6753 731.0101 308.0017 0.0 0.0 0.0 0.0042598485 0.00253758 0.007625644 0.003171842 0.0018971344 0.0018890159 0.99978864 0.87639487 0.8897301 12.0 7.0 16.0 0.6255273859079935 True 0.7899656239261115 
11.79164247965588 -23.86746846323121 19.902681 20.202393 19.779165 10.937735 8.299332 12.255581 2.5174215 3.3177238 3.7174637 0.949465 0.96567166 0.98065066 1194.4937 632.07947 105.16089 0.0 0.0 0.0 0.005653852 0.004606331 0.08309661 0.021373248 0.012743036 0.017565824 0.9996532 0.9997065 0.7290127 12.0 9.0 13.0 0.5546198523236198 True 1.254099993014888 
12.30461641096479 -23.76288971464868 19.903671 20.84909 19.289272 10.927759 4.5747104 19.243822 1.9424927 4.6400957 8.171225 0.9532722 0.9682783 0.9821304 1471.2671 810.6428 264.97177 0.0 0.0 0.0 0.0023719324 0.0014387625 0.10235777 0.03942461 0.01867368 0.00859321 0.79015994 0.9994517 0.93074256 11.0 8.0 18.0 0.5539736560803811 True 1.1254947282103007 
11.58858355446287 -24.0320660864285 19.904165 20.915857 19.26341 10.922799 4.301871 19.707678 1.8850945 4.786408 8.635972 0.94734114 0.96421605 0.9798235 1834.808 771.79193 487.92422 0.0 0.0 0.0 0.023674263 0.0031688747 0.0061483155 0.0031348183 0.0017715688 0.0061021317 0.99999785 0.9999988 0.99999714 10.0 7.0 27.0 0.5141504816730251 True 1.2666957936963357 
12.51303199484517 -23.77177406115429 19.90495 20.82028 19.283136 10.914914 4.6977277 19.352858 1.7935729 4.1672688 7.3888407 0.9636 0.9753323 0.9861262 841.90717 543.0219 223.72192 0.0 0.0 0.0 0.03275186 0.03338246 0.008302917 0.2960657 0.42520562 0.15852487 0.71796316 0.7785222 0.88889015 10.0 7.0 16.0 0.5296146092828378 True 1.077779791696307 
12.67263664363761 -23.95224914328069 19.905182 20.980495 19.225687 10.912572 4.0532336 20.404474 1.6575581 4.462664 8.34435 0.9577503 0.97133994 0.9838663 1939.053 969.8955 306.61963 0.0 0.0 0.0 0.0021340188 0.001739081 0.0031727653 0.022248745 0.012609744 0.009209008 0.9999581 0.99996483 0.9999119 14.0 10.0 19.0 0.5701595737279046 True 0.8895600741776305 
13.11458429861385 -24.25916937346708 19.906628 20.963549 19.18348 10.898048 4.116996 21.213299 1.4060074 3.7218246 7.244616 0.94694585 0.963945 0.97966945 1206.1947 670.2302 77.20772 0.0 0.0 0.0 0.0017402996 0.0015330908 0.0853181 0.0045357575 0.0018498604 0.853662 0.9043709 0.8332779 0.461335 9.0 8.0 9.0 0.5265846224909032 True 0.7174119342593335 
11.70620175191163 -23.78879051877217 19.90688 20.58175 19.43524 10.895527 5.8519363 16.82302 1.6700855 3.109477 4.801126 0.95351535 0.96844465 0.9822248 1262.5789 597.61584 194.06738 0.0 0.0 0.0 0.0013556489 0.058746766 0.0009770229 0.09784726 0.09927148 0.1681217 0.999988 0.9999909 0.99998283 12.0 9.0 19.0 0.5055478344294808 True 1.3648021030373956 
13.08191653196226 -24.26203900570205 19.908007 20.504478 19.524698 10.884213 6.2836037 15.49246 1.7329977 3.001831 4.272771 0.94434613 0.96216154 0.9786552 813.4494 507.14575 136.99864 0.0 0.0 0.0 0.07018743 0.02095537 0.13547063 0.0005103731 0.0008920953 0.0019969295 0.7550379 0.77806777 0.7135862 8.0 7.0 13.0 0.5265846224909032 True 0.6980545309527608 
11.73742538112999 -23.81324522613707 19.909319 20.90899 19.150892 10.871078 4.3291607 21.859663 1.4507468 3.6430113 7.3254004 0.95101655 0.96673435 0.98125416 1693.4056 755.08496 239.97433 0.0 0.0 0.0 0.004613458 0.0032978 0.005738995 0.02146403 0.013936392 0.004486129 0.8571302 0.8180511 0.90424657 12.0 9.0 19.0 0.528399313522776 True 1.3276730167239443 
12.25562845967791 -23.91274014348823 19.913033 21.476183 18.99706 10.833956 2.567597 25.186949 0.7504431 3.1664891 7.361503 0.9547364 0.9692799 0.98269856 1774.1616 735.67395 83.20755 0.0 0.0 0.0 0.0040426613 0.0032289044 0.0075121974 0.034593653 0.010691329 0.003367864 0.99886256 0.9989239 0.99876475 15.0 11.0 12.0 0.6343409237531633 True 0.9981780604136544 
13.03421318302859 -24.16426165043772 19.91529 20.682447 19.314716 10.811441 5.333607 18.798069 2.1372182 4.3322296 7.5325336 0.9497393 0.96585953 0.98075736 1453.9155 771.56 448.28418 0.0 0.0 0.0 0.005455464 0.002790553 0.082471535 0.02348879 0.018483698 0.016382195 0.93429875 0.8890527 0.9969142 13.0 8.0 29.0 0.5341997461902139 True 0.7605459674085581 
12.31644117545941 -23.95621855178513 19.918055 20.820839 19.306648 10.783964 4.6953096 18.938303 2.9607515 6.800113 11.942047 0.954278 0.96896636 0.98252076 2738.9353 1322.8241 493.70282 0.0 0.0 0.0 0.0036955925 0.0022590093 0.004302482 0.00015431513 6.896308e-05 0.0001743329 0.9234031 0.90001845 0.94863564 12.0 9.0 18.0 0.6539737477670762 True 0.9380200627323176 
12.43273639417337 -23.77751952908374 19.921312 20.833643 19.299334 10.751644 4.640264 19.066303 1.7726971 4.1073976 7.283806 0.9594855 0.97252506 0.9845375 1328.7699 674.94824 228.3632 0.0 0.0 0.0 0.022482928 0.0025155155 0.006601 0.013599355 0.0075906594 0.022194931 0.80799305 0.9997975 0.9441106 11.0 8.0 17.0 0.5648109611211319 True 1.0834534663939823 
11.62138071073417 -24.00795664883348 19.921629 21.696062 18.908731 10.748513 2.0968874 27.321674 0.74620056 3.8249772 9.722719 0.94833326 0.9648961 0.98021007 1001.5551 404.2446 283.1313 0.0 0.0 0.0 0.010505771 0.010080815 0.021458542 0.05315607 0.010417733 0.012256593 0.798016 0.85526025 0.9590693 8.0 6.0 25.0 0.5141504816730251 True 1.2597644609255405 
12.21763357995859 -23.68482684714773 19.925665 21.35258 19.141607 10.708636 2.8771906 22.047384 1.4774334 5.4988704 11.321302 0.95767206 0.9712865 0.983836 2652.1926 986.8701 353.47855 0.0 0.0 0.0 0.0025026908 0.00312175 0.0035690316 0.00062087533 0.00050372153 0.00093507173 0.92296773 0.80001074 0.84993696 12.0 8.0 17.0 0.511253362492609 True 1.2242874481751247 
11.96749797623771 -24.01473885403482 19.926643 20.903429 19.189423 10.69899 4.3513947 21.097485 2.0398016 5.0153613 9.889859 0.9469737 0.96396405 0.9796803 2238.163 1007.884 352.68564 0.0 0.0 0.0 0.022016995 0.0013597453 0.0034921493 0.0068015414 0.0066150245 0.006377204 0.99993646 0.89999866 0.95231473 13.0 9.0 20.0 0.6523717785963092 True 1.038491323765954 
11.91974000869599 -23.89744898370616 19.928318 21.928822 18.316866 10.682506 1.6922777 47.125248 0.27009514 1.7049761 7.5214014 0.95188606 0.9673297 0.9815921 449.43604 185.84782 49.50649 0.0 0.0 0.0 0.065308474 0.069909856 0.08922277 0.4323064 0.13158369 0.07554377 0.8775456 0.85642546 0.9028672 12.0 9.0 19.0 0.5967672491818268 True 1.1591968078166002 
12.12790060170302 -23.70013920154542 19.928516 20.451433 19.69182 10.680553 6.5982237 13.282251 1.8946652 3.0668972 3.8139687 0.9582719 0.9716963 0.98406816 1014.7916 501.92865 171.55011 0.0 0.0 0.0 0.023434006 0.005905666 0.007116353 0.056633774 0.03886764 0.04366381 0.91666305 0.8890704 1.0 11.0 8.0 18.0 0.5226857811753911 True 1.239454411055998 
12.41809786117694 -23.8029929185561 19.929218 21.315903 19.20382 10.673649 2.9760394 20.819613 1.4538589 5.214306 10.170826 0.9590731 0.9722435 0.98437804 2361.0273 897.5671 302.0811 0.0 0.0 0.0 0.0021028384 0.0013483417 0.040995024 0.0006298928 0.00011467881 0.00022504071 0.999786 0.9998344 0.999698 13.0 8.0 17.0 0.5648109611211319 True 1.0610946192684276 
12.28528511390447 -23.67052631826596 19.929298 20.976908 19.24653 10.672847 4.066652 20.016466 1.4360495 3.7688828 7.0683784 0.95550144 0.96980304 0.98299515 1217.8726 541.6769 220.57402 0.0 0.0 0.0 0.004507357 0.10402117 0.036821757 0.020995907 0.010338228 0.0051538646 0.9997112 0.9997902 0.97477174 14.0 8.0 18.0 0.5038555615070338 True 1.2191714523086188 
12.48772425683615 -23.76290270396633 19.929457 21.018871 19.120602 10.671305 3.9124725 22.478088 1.1454836 3.1243174 6.5810776 0.9620706 0.9742893 0.98553616 985.80054 552.1194 140.69241 0.0 0.0 0.0 0.0013163588 0.00096972566 0.07257844 0.011714931 0.0034280817 0.0042139026 0.8082194 0.891857 0.7822317 13.0 9.0 15.0 0.5296146092828378 True 1.0896049379647972 
12.36502787176512 -23.96665088229736 19.929598 20.32846 19.573997 10.669914 7.389516 14.804749 3.713979 5.3627114 7.440884 0.953881 0.9686948 0.98236674 1755.1011 985.40356 365.2583 0.0 0.0 0.0 0.013779318 0.0013202102 0.0026051777 0.03284719 0.04828593 0.053307615 1.0000001 1.0 0.99999994 11.0 8.0 17.0 0.6686295163029656 True 0.9143201095299722 
12.01844342134771 -23.79758950562968 19.93298 21.119617 19.02888 10.636735 3.5657668 24.459555 1.0327243 3.080632 7.084024 0.9545779 0.9691715 0.9826371 1518.9658 653.9244 189.57156 0.0 0.0 0.0 0.004246838 0.0036207482 0.00592448 0.059412073 0.035765465 0.025108928 0.92307717 0.9000013 0.950001 12.0 9.0 19.0 0.5779561296698736 True 1.1956535981993877 
11.78765496141845 -24.12018313958228 19.933828 20.444584 19.626356 10.628417 6.6399713 14.107748 2.6600697 4.2578998 5.6517706 0.93083775 0.95286864 0.9733568 1582.5635 839.3007 473.27356 0.0 0.0 0.0 0.044508487 0.04697215 0.017983343 0.00045814557 0.00027165675 0.00090681633 0.9999326 0.99972856 0.9999769 12.0 9.0 30.0 0.5978374280316232 True 1.0712371820426931 
12.51194260033115 -23.82498531975014 19.934355 20.792068 19.378563 10.623266 4.821397 17.724545 2.0158641 4.4416714 7.4107723 0.96249026 0.9745756 0.9856981 1896.4515 930.98474 306.62457 0.0 0.0 0.0 0.012929342 0.0011318711 0.014715186 0.008819369 0.0035271572 0.006629253 1.0 0.99999994 0.95 17.0 10.0 19.0 0.5472732710166005 True 1.0250982449633017 
12.07683375266936 -23.76019802196865 19.93636 21.186987 19.21991 10.603674 3.3512368 20.513315 1.6023148 5.069896 9.807957 0.95614845 0.9702453 0.9832459 1941.2346 840.38855 232.46129 0.0 0.0 0.0 0.0011156701 0.0009144162 0.06697329 0.0066386955 0.0048950925 0.005900362 0.91680247 0.8890427 0.79319197 11.0 8.0 15.0 0.5674749539983391 True 1.2040857447410531 
11.99141780548069 -23.94836509799243 19.940832 20.98241 19.31404 10.56007 4.046093 18.80979 0.64880633 1.6933472 3.016221 0.9484307 0.9649629 0.980248 771.15765 363.48538 113.91745 0.0 0.0 0.0 0.07263763 0.0027855872 0.0046131746 0.042500377 0.015903585 0.007128915 0.9280598 0.89507157 0.94744295 11.0 8.0 18.0 0.6483889908502459 True 1.079836449034134 
11.81236525712511 -23.98865275222506 19.942184 20.878675 19.256435 10.546926 4.451744 19.834711 1.635048 3.8737023 7.2849436 0.94772464 0.9644789 0.97997296 1642.5702 755.0632 258.56097 0.0 0.0 0.0 0.022999948 0.0009818493 0.0029990056 0.0031240128 0.0011189231 0.0016124002 1.0 0.9999999 0.9444444 11.0 8.0 17.0 0.6035924723727035 True 1.149195255790097 
12.76500125640423 -24.00381019786616 19.943295 20.94852 19.391623 10.536153 4.174381 17.51262 1.1212212 2.8299665 4.703817 0.9588727 0.9721066 0.98430055 1316.1013 662.0918 183.38676 0.0 0.0 0.0 0.0034105168 0.0025166774 0.046539307 0.0555419 0.025619771 0.012465119 0.9996827 0.99974513 0.9995034 15.0 10.0 19.0 0.5796648111480676 True 0.8438350386978754 
12.88325102047025 -24.03117970708288 19.943333 20.774433 19.381714 10.535779 4.9003468 17.67318 2.202372 4.735115 7.9428897 0.9561754 0.9702637 0.98325634 1341.4454 871.13544 296.4614 0.0 0.0 0.0 0.0037896114 0.0026366787 0.0049920585 0.0065760994 0.0027845136 0.005523405 0.92244893 0.9757045 0.94350344 12.0 9.0 17.0 0.5363598905075868 True 0.8368129207838471 
11.92388106395003 -23.73164805528629 19.943428 20.999674 19.145615 10.534853 3.9822674 21.966173 1.6944851 4.4826603 9.346773 0.94766176 0.9644358 0.97994846 1547.8735 818.9501 294.29858 0.0 0.0 0.0 0.22371095 0.11216816 0.0026316086 0.0011955331 0.00087490655 0.00048400034 1.0000001 1.0 0.99999994 12.0 9.0 19.0 0.5259812751638333 True 1.296301553992511 
12.56372934813403 -23.81338215013563 19.944088 20.72574 19.354427 10.528452 5.1251154 18.122946 2.067985 4.248232 7.3126116 0.9653366 0.97651607 0.9867954 1980.8113 994.94763 298.34113 0.0 0.0 0.0 0.002675565 0.0018357846 0.0056821303 0.0001946564 2.9089999e-05 5.7992638e-05 0.9970428 0.9697616 0.9639612 18.0 11.0 19.0 0.5562401456625159 True 1.0316877783300478 
12.41231096508253 -23.87306681467215 19.947012 20.96767 19.27708 10.500147 4.1014004 19.461102 1.5060366 3.85566 7.1461277 0.9582025 0.9716489 0.9840413 1322.4078 615.1196 248.94931 0.0 0.0 0.0 0.008584879 0.0042901314 0.0058365013 0.0021639392 0.0004897789 0.0004325236 0.8586549 0.7939423 0.9406819 11.0 7.0 18.0 0.6116370212003426 True 0.9937487133209936 
12.96015016466899 -24.11579101502586 19.947397 20.42448 19.610216 10.496425 6.7640705 14.319018 1.431825 2.2218935 3.0310638 0.9573065 0.97103673 0.98369443 922.0261 526.4641 235.97841 0.0 0.0 0.0 0.0020575956 0.0018232737 0.011812596 0.01180683 0.011498368 0.023868293 0.9329274 0.999967 0.7473492 14.0 10.0 29.0 0.536669252056333 True 0.7773958570794616 
12.44648264936965 -23.92938711815074 19.951157 21.113163 19.216875 10.460142 3.5870261 20.570744 1.9914188 5.8071847 11.420314 0.95613813 0.97023827 0.9832419 1723.0728 840.22296 358.3723 0.0 0.0 0.0 0.005309976 0.0040582437 0.008791871 0.0026241168 0.00087396655 0.0009960827 0.89913535 0.8568791 0.9991649 9.0 6.0 15.0 0.6289602936315539 True 0.9320225514197232 
12.38655021860559 -23.85783752559928 19.951298 20.561075 19.49369 10.45878 5.964446 15.941298 2.0452352 3.5863626 5.466342 0.9581795 0.97163314 0.9840324 1182.4093 600.4484 228.352 0.0 0.0 0.0 0.0033601678 0.0027061894 0.0041867965 0.0011354738 0.0004531589 0.00087923027 0.9074993 0.8747386 0.9496012 10.0 7.0 17.0 0.5953444924720075 True 1.014054207116437 
12.35129713386968 -23.86942053271377 19.95361 21.446312 19.131529 10.436524 2.6392186 22.25299 1.165473 4.6087456 9.826871 0.9569124 0.97076744 0.98354185 1090.2863 526.2506 240.75916 0.0 0.0 0.0 0.07069014 0.00449839 0.0045606103 0.0010281674 5.2850344e-05 8.972319e-05 0.88867664 0.9995657 0.9996076 8.0 6.0 16.0 0.6198435572926595 True 1.0111971300885152 
12.16945040052764 -23.70059465648926 19.957844 20.60073 19.528685 10.395917 5.7505317 15.435688 1.6396668 2.9642196 4.401225 0.957299 0.9710316 0.9836916 1211.3654 648.2758 186.66235 0.0 0.0 0.0 0.003412507 0.002280312 0.04685698 0.016145758 0.0078724455 0.009246966 0.9160918 0.9962183 0.94490725 11.0 9.0 18.0 0.5469576149083133 True 1.2247088505476542 
11.61485899954758 -23.95054057418575 19.958158 21.58027 19.113295 10.392892 2.3328774 22.629887 1.066923 4.753107 10.349601 0.9506646 0.9664933 0.9811173 1871.5663 760.28125 469.8595 0.0 0.0 0.0 0.00034823312 0.0003565754 0.012632672 0.010354146 0.00492585 0.0053007733 0.9169648 0.8889455 0.99999565 11.0 8.0 29.0 0.5081025635255241 True 1.303124599456349 
12.48689735656568 -23.78309271108918 19.960577 20.467505 19.664333 10.369777 6.5012684 13.622816 2.351728 3.7510982 4.927832 0.96186996 0.97415245 0.98545873 1407.4319 745.10754 192.07689 0.0 0.0 0.0 0.00752974 0.0031209702 0.039003983 0.0047109975 0.0045266934 0.0071777184 0.8793109 0.9997918 0.85180324 14.0 9.0 16.0 0.5296146092828378 True 1.0697248692041643 
12.95113292237834 -24.13443334647763 19.96141 21.748861 18.913353 10.361811 1.9973552 27.205639 0.73973024 3.837547 10.075742 0.95634556 0.97038007 0.9833223 1287.0665 538.4951 302.0558 0.0 0.0 0.0 0.020556588 0.019580293 0.030152703 0.010552897 0.004757944 0.006957752 0.99056387 0.9916049 0.9901615 12.0 7.0 26.0 0.536669252056333 True 0.7570293431370941 
11.6300312488035 -24.0263149898966 19.961952 20.432098 19.656103 10.356654 6.7167726 13.726465 2.628618 4.0530906 5.371871 0.9463047 0.9635053 0.97941947 1500.4246 739.92316 377.32956 0.0 0.0 0.0 0.0027821725 0.0022712427 0.14776231 0.011176985 0.020092748 0.03007075 0.8334318 0.786368 0.9310553 10.0 7.0 27.0 0.5357417608550801 True 1.2416193086314185 
11.71355359211255 -23.80410255207292 19.96394 20.406796 19.647158 10.337707 6.875143 13.840036 3.4729304 5.22202 6.9911976 0.95234555 0.96764416 0.9817706 1644.6497 801.1303 326.18073 0.0 0.0 0.0 0.0019254741 0.0021681208 0.028823353 0.0027493888 0.0023042434 0.005415431 0.9946232 0.9090478 0.9995494 11.0 7.0 17.0 0.528399313522776 True 1.3486519866970117 
11.69465750941241 -24.15308217146196 19.96479 21.7953 18.912832 10.329608 1.913729 27.218706 0.73932886 3.9906263 10.515373 0.9178385 0.9438844 0.9682126 1742.1508 653.86536 351.62973 0.0 0.0 0.0 0.007274896 0.0016831526 0.0023657004 0.02179619 0.0068038637 0.022598349 0.9999535 0.9999615 0.99994874 11.0 8.0 28.0 0.5572163617866125 True 1.1146243005243996 
11.90152445129088 -23.69232070844434 19.96568 20.951792 19.40859 10.321164 4.161821 17.241064 1.9664296 4.876674 8.1462755 0.94585454 0.9631965 0.97924393 2142.5168 1056.8961 354.2576 0.0 0.0 0.0 0.09249844 0.1016983 0.013481687 0.0078318585 0.012662637 0.016403493 0.9999984 0.99999595 0.99995196 11.0 10.0 20.0 0.5259812751638333 True 1.340657865288726 
12.62031156146138 -23.9532837895802 19.966026 21.012136 19.239836 10.317861 3.9368153 20.140303 1.9590273 5.1343455 10.022161 0.95803696 0.9715358 0.9839772 2254.1343 1143.3589 378.40598 0.0 0.0 0.0 0.0069800243 0.0018303165 0.006583513 0.015784908 0.0040859412 0.007424923 0.9993851 0.9995036 0.9989757 14.0 10.0 19.0 0.617215328917443 True 0.8889567874544614 
11.81860726941385 -24.03946946280732 19.969786 21.829147 19.006226 10.282198 1.8549882 24.975267 0.6917153 3.8341773 9.313145 0.9434539 0.9615491 0.9783067 1352.8337 533.8535 195.41672 0.0 0.0 0.0 0.010394624 0.008824509 0.0549281 0.0005134564 7.68282e-05 0.00013418855 0.9083805 0.8748492 0.8947793 10.0 7.0 17.0 0.6157206200861038 True 1.107847009167184 
12.52902101667062 -23.77443326442963 19.971762 21.243736 19.126299 10.263505 3.1805725 22.360453 1.1249021 3.629988 7.9084263 0.96440303 0.9758798 0.9864358 1357.7408 693.4357 241.38956 0.0 0.0 0.0 0.032345265 0.02701577 0.027828434 0.0259956 0.00016246163 0.00037993075 0.799992 0.8888884 0.8947368 12.0 8.0 17.0 0.5472732710166005 True 1.0734668462293584 
12.20836294676693 -23.87896423796051 19.972324 20.746883 19.521816 10.258187 5.0262766 15.533653 0.7062795 1.4414542 2.1827493 0.952843 0.9679846 0.9819638 790.58234 348.2982 93.44751 0.0 0.0 0.0 0.021032171 0.007895554 0.010788138 0.027159411 0.009297856 -0.0031009412 0.93269753 0.9994694 0.951621 14.0 10.0 20.0 0.613859339257955 True 1.045836683082568 
12.1401962152675 -23.870327530636 19.974 20.596136 19.544975 10.242357 5.774917 15.205832 3.3604047 5.9599924 8.848221 0.95350385 0.96843684 0.98222035 2084.1785 1094.143 180.92336 0.0 0.0 0.0 0.0042054933 0.0030168593 0.008300762 0.00012009504 6.83168e-05 0.0006799697 1.0 0.9999999 0.90868425 11.0 8.0 10.0 0.6134879986713797 True 1.07950643273518 
11.62710095309912 -24.01039801637733 19.97429 21.63428 19.0099 10.239623 2.219668 24.890877 0.99635243 4.5963063 11.172881 0.94793904 0.9646259 0.98005646 1627.0359 660.4645 486.72598 0.0 0.0 0.0 0.034051843 0.0014510917 0.009753804 0.01713624 0.006940034 0.006012056 0.7404714 0.857139 0.99961793 8.0 6.0 26.0 0.5141504816730251 True 1.2542191059176866 
12.08680880884438 -23.7665638116714 19.974352 20.323757 19.817524 10.239042 7.4215946 11.83016 1.5764842 2.1749623 2.5129454 0.9556442 0.9699006 0.9830505 481.0904 279.1824 102.96652 0.0 0.0 0.0 0.0059608473 0.007675668 0.007882661 0.27339578 0.68956095 1.3517951 0.5379615 0.60045534 0.8005067 7.0 6.0 16.0 0.5748935304824918 True 1.1943554650876054 
12.23167946493979 -23.67284227922639 19.974413 21.681108 18.96391 10.238468 2.1259682 25.967852 0.8040873 3.8724105 9.821605 0.9577616 0.9713477 0.9838706 930.7134 539.54694 195.65173 0.0 0.0 0.0 0.0050606234 0.0042809104 0.00659078 0.0 0.0 0.0 0.75247335 0.99880016 0.93633837 7.0 7.0 15.0 0.511253362492609 True 1.2315175166723502 
12.19727438372102 -23.79073723077396 19.975231 21.640453 18.99896 10.230745 2.2070816 25.142923 0.6372179 2.953771 7.259143 0.950483 0.966369 0.9810467 1360.2114 552.3985 177.00807 0.0 0.0 0.0 0.0025574178 0.0039707627 0.010019106 0.016668212 0.019134747 0.0075149266 0.99997354 0.99998087 0.9999647 11.0 8.0 18.0 0.5956998487366594 True 1.1313970331374892 
12.48687559828373 -23.75813604539508 19.977497 21.698177 19.110186 10.209428 2.0928056 22.694756 0.9612585 4.68935 10.424057 0.96202594 0.97425884 0.98551893 2113.4387 991.95197 111.5554 0.0 0.0 0.0 0.046723787 0.0005957193 0.10544192 0.010405668 0.0031363766 0.016104504 0.93750006 1.0 0.5252493 15.0 9.0 10.0 0.5296146092828378 True 1.0944342621402074 
11.68397794159776 -24.12980349273636 19.97892 21.485603 19.192705 10.196048 2.5454152 21.033792 1.1213787 4.4918528 9.266404 0.9258523 0.9494279 0.97138923 1988.0232 774.60986 440.2563 0.0 0.0 0.0 0.0040487554 0.0010343067 0.022181613 0.010827366 0.003032926 0.0035246466 1.0 1.0000001 1.0 11.0 8.0 28.0 0.5369788413205479 True 1.136860218122346 
12.90283605893491 -24.12343134894821 19.980532 21.531897 19.18669 10.180927 2.4391658 21.150671 1.1424407 4.7684765 9.906413 0.95711523 0.970906 0.9836204 1677.5155 579.05493 469.59967 0.0 0.0 0.0 0.002451233 0.16016343 0.0145091 0.016339885 0.0027017079 0.008691219 0.8383056 0.74678636 0.87105644 10.0 6.0 24.0 0.5817224171899729 True 0.7529442304799076 
12.99309026501838 -24.06852259372987 19.985071 21.103605 19.312925 10.138451 3.6187427 18.829126 1.0816827 3.0304964 5.6282363 0.95692724 0.9707776 0.9835476 1262.7821 603.59106 254.21298 0.0 0.0 0.0 0.0033731514 0.021174368 0.07775933 0.09799546 0.06288155 0.08130279 0.938462 0.99630946 0.8927259 14.0 10.0 26.0 0.5032920561289242 True 0.8324113844249537 
12.16825890001449 -23.84985262287586 19.988869 21.447649 19.211338 10.103043 2.6359699 20.675922 1.4226682 5.4527473 11.159072 0.95249987 0.96774983 0.98183054 2747.6987 1136.7017 398.695 0.0 0.0 0.0 0.0016652108 0.0013325694 0.0061628246 0.013776235 0.007465911 0.0095045725 0.99978834 0.9998105 0.9470318 12.0 9.0 18.0 0.6134879986713797 True 1.0872337921310136 
12.59369791738465 -23.9461709008873 19.990376 20.909733 19.33027 10.089046 4.3261995 18.5307 2.183197 5.091391 9.351435 0.95916843 0.9723086 0.98441494 2062.7024 1073.8098 387.8819 0.0 0.0 0.0 0.0014633862 0.0016532457 0.0031645333 0.0033661816 0.002515207 0.0031972735 0.99707687 0.9999479 0.99990886 11.0 9.0 18.0 0.617215328917443 True 0.8972610837490247 
12.53471985167287 -23.99829437265677 19.990974 21.84207 19.003523 10.083467 1.8330414 25.037487 0.7561295 4.1594296 10.327962 0.9577164 0.9713168 0.98385316 1843.1001 795.16437 254.95032 0.0 0.0 0.0 0.0017118403 0.0011510696 0.0015271623 0.005497294 0.0024379566 0.0040610973 0.99985576 0.99984276 0.99970096 10.0 9.0 18.0 0.6444534826519697 True 0.8505297560778657 
11.75657958729541 -24.11285763104927 19.992764 20.407282 19.678139 10.066871 6.8720627 13.450685 1.7616781 2.5806787 3.4481316 0.93213946 0.95376605 0.97386944 1116.9459 591.8107 261.92636 0.0 0.0 0.0 0.017497728 0.004266024 0.0072420556 0.01934991 0.012726873 0.014513982 0.99385595 0.98433065 0.96981764 13.0 10.0 30.0 0.5978374280316232 True 1.097256249113236 
12.20678013738261 -23.66334187943934 19.9931 21.33478 19.143148 10.063756 2.9247441 22.016113 1.0032873 3.4522126 7.5522795 0.9592132 0.97233915 0.9844322 1753.0554 764.9481 234.1393 0.0 0.0 0.0 0.0003125602 0.0001888513 0.0019682357 0.024698902 0.10447375 0.06622071 0.9150976 0.90002346 0.95004535 12.0 9.0 19.0 0.511253362492609 True 1.2478666863839072 
11.97718942522396 -23.72321412026494 19.995808 20.772123 19.561321 10.038684 4.9107804 14.978618 2.396413 4.89878 7.30942 0.9511519 0.96682703 0.98130673 2339.5764 960.07446 323.87973 0.0 0.0 0.0 0.1345305 0.12288418 0.047433816 0.013362021 0.004844081 0.0019613865 0.99738264 0.8192547 0.7956824 14.0 9.0 16.0 0.5466427323152638 True 1.2791708275515732 
11.8703193113844 -24.01000154434803 19.996157 21.187426 19.258446 10.035469 3.349885 19.798016 0.85568446 2.5634298 5.057145 0.94744587 0.9642878 0.97986436 1045.999 592.5826 180.18741 0.0 0.0 0.0 0.081966065 0.0032091194 0.012563379 0.0010960555 0.00042182542 6.0648064e-05 0.8545982 0.9998208 0.99965715 11.0 9.0 19.0 0.6297245434151433 True 1.0980748462527925 
12.29079057873731 -23.70661836277646 19.997456 21.276793 19.177132 10.023465 3.0851994 21.337704 1.4536332 4.72269 10.053546 0.954154 0.96888155 0.98247266 2100.9355 891.41833 330.03275 0.0 0.0 0.0 0.009083871 0.0015096327 0.025162186 0.027893146 0.009164295 0.013086695 0.93725777 0.8887392 0.9470156 15.0 8.0 18.0 0.5038555615070338 True 1.1830852871373296 
12.1329766496645 -23.8439805833847 19.99758 21.856422 18.878408 10.022309 1.8089674 28.095467 0.5286841 2.929094 8.211108 0.953369 0.96834457 0.982168 859.2445 392.2927 59.706375 0.0 0.0 0.0 0.04170621 0.03940009 0.055093803 0.10744286 0.037195165 0.04706544 0.83011895 0.99179256 0.6239484 10.0 8.0 10.0 0.6134879986713797 True 1.1061497879789002 
13.0513948142242 -24.23083356104807 19.998749 21.108564 19.325926 10.011525 3.6022503 18.604986 1.0188733 2.8316956 5.2623005 0.9431961 0.9613721 0.978206 1089.6399 552.83734 309.74405 0.0 0.0 0.0 0.0028511332 0.0016199641 0.014295373 0.030122926 0.01798503 0.008744569 0.9297892 0.8888548 0.96509147 13.0 8.0 28.0 0.5314425099351632 True 0.7096615003793029 
12.50672995519394 -23.8900060447338 19.999363 20.810154 19.493793 10.005875 4.741751 15.939779 2.0088649 4.239035 6.752961 0.9591998 0.97233 0.98442703 1378.2323 694.7398 288.30856 0.0 0.0 0.0 0.002276799 0.0014274885 0.002124774 0.016232831 0.007075197 0.015298404 0.93278444 0.8884674 0.9991543 14.0 8.0 17.0 0.5989106600888369 True 0.9613000184589824 
